39,42,0.02366687612024336
36,39,0.02419024705264414
146,148,0.02569787602989601
127,129,0.03540086275046258
160,161,0.03613948664047666
129,131,0.03999256474605592
143,146,0.04538999496384487
84,88,0.04681601420995696
36,42,0.04775419455612588
141,146,0.05033276631194881
124,125,0.05335559283095187
35,37,0.05448437347519806
113,118,0.05568599233153088
150,151,0.05823931364764182
53,54,0.05872997977686432
88,93,0.05875246659637303
145,148,0.06027456890774988
123,124,0.06123789708568114
85,87,0.0613283586427992
29,30,0.06161391651002764
8,10,0.06310213419912104
135,136,0.06580490531189234
155,156,0.06863736384452838
12,15,0.06863862947532684
143,148,0.07108241643155848
145,146,0.07131078553146387
140,149,0.07186039577342974
38,42,0.07301929427241413
127,131,0.0732384338751884
86,93,0.07404476787706946
84,93,0.07451643420788821
57,59,0.0750353666644691
68,69,0.07537112282784585
141,148,0.0756247887397249
108,115,0.07581950760019496
94,99,0.07612307941946975
105,109,0.07710676001930689
105,110,0.07715737461976251
58,60,0.07865090276936319
54,56,0.07904502677189479
49,52,0.07912431459736642
84,86,0.0796943791810127
151,152,0.08038421693374827
151,153,0.08150192029377988
6,8,0.08166625993411548
38,39,0.08224003306973827
20,22,0.08265208562894853
38,43,0.08451634374656432
2,6,0.0858031401648584
175,177,0.08749492201183544
103,107,0.08777398535697188
123,127,0.08817105428489504
11,13,0.08885212965275398
111,115,0.09004434517592269
138,144,0.0918036250254643
108,111,0.09342399371894375
77,78,0.09379804580151463
65,69,0.09403201771514462
47,51,0.09600251399510019
150,152,0.09669704897392134
53,56,0.09722722305572465
124,127,0.09790281880047789
83,91,0.09818968955498351
67,72,0.09883627231148701
64,65,0.09884682408343064
30,38,0.09892229727962409
36,38,0.09905747106947889
139,142,0.1001751015506063
141,145,0.1018869656756041
172,174,0.1025742729006558
143,145,0.1036125575377775
72,75,0.1044766129908504
86,88,0.1049504422967237
86,90,0.1069782433266989
162,164,0.1070590836064357
2,8,0.1072952533579889
153,155,0.108238161394938
155,158,0.108736441226528
65,68,0.110664721798466
117,122,0.1116202022702513
123,125,0.1132359366802825
101,104,0.1162482581284681
99,102,0.1165206066696471
68,72,0.1180285149910967
131,135,0.1186709211777076
125,127,0.1192371285191481
123,129,0.1196627186793047
33,36,0.1198444038844269
29,38,0.1206551534148782
64,68,0.1211025683431898
142,145,0.1211650525430467
87,89,0.1215257235692781
6,10,0.1218356248435103
150,153,0.1221213758885359
48,50,0.1227477753267965
115,120,0.1232277970210153
83,88,0.1258891681754809
85,89,0.1272875418595575
61,63,0.1293547971354359
14,16,0.1295788297780193
33,44,0.1314309922799882
31,45,0.132258327220938
124,129,0.1331608639823404
101,105,0.1332157858206
29,36,0.1343845995206329
136,141,0.1349017789173336
45,46,0.1349969291494185
122,134,0.1351146889882366
28,34,0.135452667391614
104,111,0.1370513442659242
162,165,0.1377728534300555
34,40,0.1378093447651978
77,82,0.1379366062369689
23,24,0.1381469537328446
42,43,0.1382355170247661
55,56,0.1383770126326552
106,108,0.1402071082097919
33,39,0.1403629251158855
117,134,0.1406197375181188
29,39,0.1409249061791929
83,84,0.1411162570520654
24,25,0.1424415224636443
144,147,0.1442908295755563
88,91,0.144834095934047
136,143,0.1451949267093389
30,43,0.1454514761532931
151,155,0.1455828304552355
73,74,0.1457812842579411
159,162,0.1465112546903127
123,131,0.1483155369230858
125,129,0.1503719716567941
104,108,0.1526800588375258
135,141,0.1528298911119392
29,42,0.1534452545134257
71,74,0.1542636996218536
30,39,0.1542681000751911
109,117,0.1546825403613719
110,117,0.1547301648400511
153,156,0.1547842204989367
126,132,0.1553490378262332
37,43,0.1558673145722102
82,94,0.1560365759373316
39,43,0.1560474128352787
152,153,0.1570908385379332
53,55,0.1571024306666154
156,158,0.1571153073009614
151,156,0.157444932742956
30,36,0.1574547094356554
30,42,0.15782171739332
129,135,0.1578364051470221
110,122,0.1597683341354046
109,122,0.1597854983303107
33,42,0.1599401978259059
64,69,0.1605709602430416
63,65,0.1605916597039274
114,116,0.1608031746234755
135,143,0.1614392105613696
98,106,0.1615812953010321
148,152,0.161685881007199
152,156,0.1622260088608103
21,22,0.163055008628361
143,150,0.164902056313591
93,101,0.1653587140022564
21,25,0.1655728873881656
93,105,0.1657222296776329
90,93,0.1660311366615979
55,61,0.1662463288060779
146,152,0.1666861395617381
132,137,0.1673591225254783
36,44,0.1680803256913098
2,10,0.1692085436278089
124,131,0.1706667011138288
39,44,0.1714233569940966
146,150,0.1718208442860514
159,164,0.1733633797085415
136,146,0.1734610082525861
136,145,0.1735272792211609
170,172,0.1736993768684269
141,150,0.1745108492000333
42,44,0.1748291802849552
167,171,0.1750043883905407
142,148,0.1768828246472904
67,75,0.17717550632869
36,43,0.177267182872095
91,101,0.1774273741299244
89,97,0.1784881836962507
80,81,0.1786417441115411
107,112,0.1809637568306267
131,136,0.1812078029970351
148,150,0.1812991541190276
88,101,0.1816202345742302
130,133,0.18168102493696
78,82,0.1821205685274495
67,68,0.1823914155429527
94,102,0.1825968413795571
157,160,0.1831582150908898
152,155,0.1832570433583
84,91,0.1836291660359485
69,72,0.1836364452428255
83,93,0.1842222655817531
153,158,0.1842312180233409
30,37,0.1848232036379553
40,48,0.1850543650652725
143,152,0.1850891695733864
84,90,0.1859561941887068
127,135,0.1871181797289078
91,93,0.1879043078056139
54,55,0.1896084149917944
56,62,0.1902524404112898
29,43,0.1902623748525152
125,131,0.1903351843096441
101,110,0.1904261051601062
101,109,0.1904269141334834
63,66,0.1913212175894742
136,148,0.1919370116198592
142,146,0.1921480781794797
51,54,0.1934025050235217
112,119,0.1934213226650057
34,46,0.1935938014939414
104,106,0.1939633323179412
108,120,0.1949071598142526
141,152,0.1954359265175165
167,169,0.1957698649892023
64,72,0.1958140590574418
68,75,0.1968157034085722
164,165,0.1980569112623214
111,120,0.1981379229798867
75,86,0.199888616188707
22,25,0.2004305903695517
105,117,0.2005926527393461
135,146,0.2006637470767693
64,67,0.2009044187554998
168,171,0.2011366339986888
15,16,0.2013436006132617
101,111,0.2018338441664562
150,155,0.2029473086031983
79,82,0.2036754749316444
86,105,0.2050936824435896
66,69,0.2059734672967586
104,115,0.2063152384489993
43,47,0.206857530591102
37,47,0.2074661365547831
31,46,0.2075367445215944
65,66,0.2075832857034688
37,38,0.208229241343572
77,79,0.20852583232326
118,128,0.2092174991570593
125,132,0.2092641835792015
106,115,0.2098281495973218
88,90,0.2101602590407917
35,43,0.2102004541404699
14,21,0.2106159162267972
75,90,0.2108532079194028
97,100,0.2112341257596652
138,147,0.2115267601081786
146,151,0.2118587303408126
157,161,0.2126895106677795
9,16,0.2130657814924097
29,33,0.2133170620895188
75,84,0.2136955510837731
143,151,0.2138907341428499
150,156,0.2143855417983399
63,64,0.2150573772939423
148,151,0.215577827322412
88,105,0.2161043150712411
98,104,0.2162687791434695
91,104,0.2170048238362307
9,14,0.2174791267249202
61,66,0.2177583033490448
33,38,0.2186238305524486
145,152,0.2188321934355293
129,136,0.2189005302223439
20,21,0.2192764141605832
141,142,0.2195926722696618
121,126,0.21992068160273
90,105,0.2200053393749775
83,86,0.2202033529210191
51,53,0.2206708753385656
135,145,0.2207254818559465
139,145,0.2213320653894287
74,80,0.2219705988231564
130,138,0.2220306167517388
142,143,0.2229865921169257
106,111,0.2234888317676646
135,148,0.2236200000366179
141,151,0.2240330065825998
128,140,0.2243884020618301
84,101,0.2246125844883724
177,178,0.2247830619926927
65,72,0.2253468073060262
21,24,0.2256994019922518
71,73,0.2262139120338918
16,21,0.2265567551172584
30,35,0.2266572782904408
170,174,0.2285686877154431
76,83,0.228888982790792
104,105,0.2293366648965031
82,99,0.2293409767042727
35,47,0.2293603059477874
24,28,0.2321264069080701
87,97,0.2322707677093538
105,122,0.2329034718464186
28,31,0.233440721845276
172,173,0.2335826483804199
56,61,0.2341105558391403
92,96,0.2341519450267879
28,46,0.2342327473074258
52,63,0.2342497479784595
110,111,0.2347627624611422
109,111,0.2348397384756184
47,54,0.2359273445164669
54,62,0.2359477327872202
86,101,0.2361491265158414
97,98,0.2364138250815536
35,41,0.2365138256509006
23,27,0.2382428217715421
63,69,0.238394446773927
25,28,0.2387018425170973
119,130,0.2390553422771386
47,53,0.2398695757345355
44,50,0.2398732394558654
69,75,0.2399088164750409
123,135,0.2401210887417703
84,105,0.240160499333436
122,139,0.2406876207637925
145,150,0.2407965953449171
136,142,0.2411418744900845
93,109,0.2412252375320502
93,110,0.2412881475656384
173,174,0.2414403004908642
1,3,0.2435109586915128
127,136,0.2451037543899048
69,76,0.2452178285978462
55,63,0.2455118628269874
151,158,0.2457688555304465
29,37,0.2463293253051194
105,111,0.2463293462957885
154,159,0.2463345361377365
134,139,0.2464025143950415
34,48,0.2468652588885286
91,98,0.2471847474377634
38,44,0.2477982208971977
1,177,0.2479927996856987
83,101,0.2488500799756558
86,91,0.2493385275217259
90,117,0.2494735071412354
129,137,0.2502328792817842
95,102,0.250541486030547
52,55,0.2507005701123162
40,44,0.2508625192354894
87,100,0.2522170958648984
103,112,0.2525084133310722
1,9,0.2527904545222105
92,100,0.2535268496405302
149,154,0.2535991038735084
50,57,0.2536749178068469
12,16,0.2539953055531095
101,108,0.2550387815253446
131,141,0.2557775437729253
96,103,0.2566686688588194
67,69,0.257272630940578
30,33,0.2581179029469697
131,137,0.2586299953194228
124,132,0.2605020308590916
75,88,0.2605029813281879
35,38,0.2609484391821184
104,110,0.2612555411860749
104,109,0.261293947050882
40,50,0.2614349402123843
75,76,0.2615022106576851
10,20,0.26151894385102
131,143,0.2622171585558996
28,40,0.262236449829562
163,173,0.2623634055829151
14,20,0.2630407240132195
120,136,0.2630444813837221
33,40,0.2635402093772367
90,109,0.2640493869886483
90,110,0.264140785851765
127,137,0.2642533743559082
113,128,0.2648952863269685
75,93,0.2649749849326656
78,94,0.2661070962095141
27,40,0.2672667309915749
119,133,0.2673957480189018
116,126,0.2675491153119542
87,92,0.2677869512700886
170,176,0.2678198094057924
65,67,0.2678618838825782
98,108,0.2690376468946027
51,56,0.269411510275172
127,132,0.2704212653008093
77,94,0.2707254270480941
46,48,0.2710377736540292
3,32,0.2710793696503451
63,68,0.2712555832695457
25,31,0.2714853321133337
86,109,0.2725045692892554
86,110,0.2725830497960943
43,51,0.2728827805082068
109,134,0.2732547241175779
110,134,0.2732702396013318
116,125,0.2734219717265334
61,62,0.2743798855378233
27,33,0.274960136179178
167,168,0.2751174767350044
14,22,0.2753492932678419
145,151,0.2757805147142459
85,97,0.27601654075819
175,178,0.2761993109865266
120,123,0.2762932962394022
52,64,0.2763415328554209
139,148,0.2764221541253495
76,84,0.2765902025488942
93,104,0.2773260552261309
66,68,0.2775739966888068
129,132,0.2787283979590058
124,135,0.2788757791923777
125,137,0.2789288323920466
37,42,0.2792787757409125
23,25,0.2801940982294635
53,62,0.2805499662897435
128,149,0.2808822356672733
88,104,0.2814426718146875
159,165,0.2826242776292624
20,25,0.2829605047502807
61,65,0.2832927771645711
68,76,0.2833544437546709
125,126,0.2837419376724789
120,135,0.2845809930891066
37,41,0.284927745908916
123,136,0.2853898746998562
91,105,0.2855045567997943
135,150,0.2863779366499335
29,35,0.2868713897459249
143,153,0.286936649953623
169,171,0.2874344413837776
3,178,0.2882620472570535
44,48,0.2883442038937725
101,115,0.2892566211149569
17,113,0.2893404668930058
89,98,0.2901203374089733
146,153,0.2903134302102653
37,39,0.2904643609227064
52,61,0.2907914570884761
72,90,0.290811639327586
38,47,0.2911046641760366
152,158,0.2917493996720317
55,62,0.2920069348515468
139,146,0.292297581920425
97,106,0.2923517210280741
27,34,0.2924462982219483
40,46,0.2926590104408918
88,109,0.293001024429715
88,110,0.2930564292123283
116,124,0.2936310624763901
28,45,0.294266789558243
129,141,0.2953444490342519
148,153,0.295874141018197
64,75,0.2961481927216087
33,43,0.2963861426574064
141,153,0.2966088884518292
136,150,0.2973123353540766
98,101,0.2982200160227803
150,158,0.299667842164512
43,44,0.2997808864527758
29,44,0.2999852196877438
116,121,0.300287227863747
89,100,0.300290109463915
72,86,0.3009301598567122
76,88,0.301189069909104
95,99,0.3012988591391944
90,101,0.3013004678343843
78,79,0.3014953225670876
129,143,0.3015902145081435
53,61,0.3018613786206585
85,92,0.3019626947886035
37,51,0.3022687138797392
27,28,0.3023125408744641
135,142,0.3029392396662621
9,15,0.303582752650556
4,13,0.3037801896910364
67,90,0.3038503213184043
31,34,0.3053188761772385
174,176,0.3055386452392785
72,76,0.3055577122454899
64,66,0.3056253243701235
36,37,0.3058532733839044
131,146,0.3060288058788792
125,135,0.3063401563039487
41,53,0.30636650293491
65,75,0.3070187813239735
34,45,0.3075163582524511
114,124,0.3078497438690727
94,95,0.3079593165263425
131,132,0.30807413126915
75,83,0.3081787798853347
49,63,0.308429569092342
49,64,0.3088036350353169
23,28,0.3089694662217836
101,106,0.3093515589355008
52,65,0.3096660843551179
140,154,0.3098920847238425
9,12,0.3103539610025587
54,61,0.31070464366772
83,104,0.3107851426270369
130,144,0.3113652446073238
106,120,0.3113923316719795
124,137,0.3124285229882067
110,115,0.3128757444791225
73,80,0.3129041026243347
109,115,0.3129601836854507
120,131,0.31304162895551
66,76,0.31321197497295
85,100,0.3134995123949387
123,132,0.3139860841674528
86,117,0.3146192146547009
47,56,0.3147816364516516
84,109,0.3152291670489685
24,27,0.315244027211149
84,110,0.3152942137185519
82,102,0.3158534097224713
164,166,0.3159922322974312
114,125,0.3162251463388456
49,55,0.3168870099638499
81,96,0.3173417943051639
142,152,0.317991584688992
72,84,0.318003963550984
139,141,0.3186534793718562
120,127,0.3187538139991019
126,137,0.3192560925567114
93,117,0.3200740321324922
136,139,0.3205072511774786
98,111,0.321145279782843
148,156,0.3212519274537647
48,58,0.3219066588315275
163,172,0.3220001627121054
139,143,0.3225327780553465
120,129,0.3229461920539449
1,175,0.32388509782603
8,20,0.3244379338762022
30,44,0.3247342764914816
35,51,0.3253073513497167
76,91,0.3253511773305382
108,110,0.3261691927132773
108,109,0.3262423556160469
82,95,0.3264092031913811
121,130,0.3266898885079855
83,90,0.3269615181618891
83,105,0.3271486422664053
5,11,0.3271835825068181
21,23,0.3271987098409501
114,123,0.3273094696108672
122,142,0.3274285901921242
84,104,0.3275463701908108
104,120,0.3275564792310507
41,47,0.3275600189197798
50,59,0.3278008336559635
22,24,0.3284185043300255
146,156,0.3284891754226965
10,14,0.3285603241269421
133,138,0.3285979703970426
127,141,0.3288812229801478
105,108,0.3289171286182809
14,15,0.3295062640005129
17,118,0.3296192884424824
5,174,0.3300640230716577
136,152,0.3302594193176446
131,148,0.3308600304670883
111,122,0.3309361461328165
124,136,0.3311342846658643
149,159,0.3312114198286573
42,47,0.3322167676901738
83,98,0.3324455410671527
35,42,0.3327032826215107
101,117,0.3330009290732602
22,31,0.3332773141568985
135,137,0.3336285434453395
105,115,0.3336707096495289
105,134,0.3338562066769176
26,29,0.3343707942503927
127,143,0.3354172020843508
124,126,0.3356155723419659
30,47,0.33561846974458
76,86,0.3357832544592963
131,145,0.3365881907225524
120,124,0.3366098840295963
65,76,0.3371957327009731
78,99,0.3374745893962727
135,152,0.3379171283224165
48,60,0.3384177621409092
117,139,0.3384426275982361
137,150,0.3389180300038082
116,123,0.3394408272554256
50,60,0.3395705162607843
6,14,0.3400913460570549
26,30,0.3405130502639877
96,107,0.3409455276724638
123,137,0.3426877528630951
10,22,0.342820110175531
35,39,0.3430232791831493
107,119,0.3430343023807563
131,150,0.3437061823136793
135,151,0.3439817291050939
148,155,0.3442356713623931
61,64,0.3443963500304267
98,115,0.3448553009013533
116,132,0.3449976639133642
129,146,0.3456414464100419
172,176,0.3457512591691124
67,86,0.3460189927152338
146,155,0.3464405994747429
134,142,0.3464850638896187
143,156,0.3464960450885957
77,99,0.3467856499253879
61,69,0.3471163931263676
4,173,0.3484228924255804
101,122,0.3485284233817055
91,106,0.3485703164018129
41,55,0.3489690635178822
91,111,0.3491303778313288
79,94,0.3499985691041501
86,104,0.3500818874353951
76,93,0.3501756202723612
56,63,0.3502144357918323
90,122,0.3504453636471848
24,34,0.3513684503464722
136,151,0.3518977379906308
50,58,0.3519107030906552
16,22,0.3521671736644125
90,91,0.3522527738368439
46,58,0.3523553245385552
38,51,0.3524429244409772
57,60,0.3525103278321197
1,178,0.3525670263313461
41,49,0.3531216350476765
39,47,0.3538270797059718
154,162,0.3540295678385585
168,178,0.3553532073568865
143,155,0.3558277482323309
145,153,0.3561486949100432
33,50,0.3561581929445061
119,121,0.3563460394530703
32,178,0.3565779738042485
91,109,0.3568215476893803
91,110,0.3568426868405967
141,156,0.3569092320493137
142,150,0.357350636364589
34,50,0.3573689601601965
35,36,0.3574568419514298
137,153,0.3586757428612788
41,54,0.3594335701806958
3,177,0.3598376131833667
81,92,0.3603202501070782
2,166,0.3603835699316432
6,20,0.3604797000623147
71,80,0.3607673333823048
93,111,0.3611585740653421
51,62,0.3613058163957957
49,65,0.3614037670339867
79,95,0.3625600860398695
125,136,0.363696165809312
72,88,0.3648199049414101
16,20,0.3649949764550595
41,52,0.365079796765733
99,118,0.365343361977943
91,108,0.3653725745760692
7,32,0.3654058367452331
4,11,0.3661013509880168
48,57,0.3661354330130176
141,155,0.3661868900314693
115,123,0.3663558148813653
8,14,0.3666899475208412
99,113,0.3678869110446462
169,176,0.3679460667723706
72,93,0.3684739584076035
49,61,0.3698505845982833
129,148,0.3705719331133138
24,31,0.3710447852960169
171,178,0.3716260725722474
169,170,0.3716286095989606
11,18,0.3724932738603554
33,48,0.3725683929505481
100,114,0.3729990324981778
27,44,0.3733105685575062
110,120,0.3737433140071622
109,120,0.3738353300896566
25,34,0.3741538611192526
90,134,0.3746025014239078
14,25,0.3747054636186131
94,113,0.3747114529471992
137,151,0.3749303726368005
36,40,0.3749992764417911
145,156,0.375038395986347
6,9,0.3751237519043381
121,132,0.3751779299792506
129,150,0.3756573705038901
129,145,0.3765199480143996
51,55,0.3765246058143802
12,14,0.3771561614419465
36,47,0.3771602204416236
42,51,0.3779654534169313
15,21,0.3781155950734566
88,117,0.378747682586874
52,53,0.3788100299813163
127,146,0.3790816752425844
28,48,0.3790911870048837
27,36,0.3798835229958455
111,117,0.3803132734918827
5,176,0.3814775500602671
115,122,0.3817741548858004
67,84,0.3818516036323918
137,147,0.3819220041526417
74,81,0.3822053882272316
84,117,0.3829633345372423
55,66,0.3832633872678547
126,127,0.3832797821610676
88,111,0.3833979657093091
16,25,0.3834552292572475
16,24,0.3835544405803392
94,118,0.3836219360127384
137,143,0.3837919484124442
159,166,0.3838297313166657
115,136,0.3839034840569289
88,98,0.3839515369350379
89,92,0.3842854552784892
63,72,0.384523139065822
35,53,0.384589201933864
137,141,0.3846286078071582
120,142,0.3846723218433762
144,157,0.384860500321641
75,91,0.3849873935897148
110,139,0.3850528218114853
109,139,0.3850998282640662
135,139,0.3855108310437982
142,151,0.3855331072796624
93,122,0.3858080962004372
147,157,0.3879942947331688
116,127,0.3882272553732699
52,56,0.3884832123519624
33,34,0.3885073404247817
34,44,0.3886655610766754
120,125,0.3894378916718911
66,72,0.3895546672069305
39,40,0.3900330959163849
20,31,0.3900710224418755
29,47,0.3903045590951626
19,26,0.3906872715119309
132,147,0.3908596634831455
123,141,0.3914940958592005
46,50,0.3916772418782967
120,122,0.3919337731063826
52,68,0.392296231513925
61,68,0.392372475441983
68,84,0.3926250456026708
23,34,0.3934672944738808
133,140,0.3936369569064562
47,55,0.3939427633082829
106,114,0.3939931932989116
37,53,0.3941826839717045
45,58,0.3945449954577628
68,86,0.3946076059094124
120,141,0.3947057811316317
120,145,0.3947619791422529
41,56,0.3954741210533019
133,144,0.3959876479878554
136,137,0.3960485203838918
26,35,0.3963815931119016
123,126,0.3966365581635439
41,51,0.3969107895711549
97,114,0.3973415550279277
19,23,0.3977169792061127
44,57,0.3978214955144723
62,66,0.3978444798066855
86,122,0.3980462455096495
25,45,0.3984360150164514
59,60,0.398694398155847
101,120,0.3987030536901017
96,100,0.3987610709841942
123,143,0.3993366312076988
64,76,0.3994282548878366
135,153,0.399844903704677
15,23,0.4001507580695555
53,63,0.4003590746620335
45,48,0.4003909117569474
21,28,0.4005868163610926
70,73,0.4011163343300755
131,151,0.4011664549512536
75,105,0.4011797267751163
39,51,0.4012304204687045
27,29,0.4013145237793682
120,139,0.401526210558627
126,129,0.4018139170175201
62,63,0.4020466462327189
145,155,0.4020572029109227
163,174,0.402125766536054
104,122,0.4022310747043102
68,90,0.402281101241363
140,159,0.4028394556109571
55,65,0.4029502015600155
40,42,0.4031316388498572
87,98,0.4033387591449585
52,69,0.4033546598534375
13,18,0.4033642872919311
42,50,0.4033706550756159
114,127,0.4034526864337457
72,83,0.4034717307962045
83,109,0.4036357289918346
83,110,0.403677117135759
27,39,0.403687332191326
127,148,0.4037956493244572
67,76,0.40431366260068
26,37,0.4046055321955436
120,143,0.4051451140054224
170,173,0.4053688133986059
8,22,0.4054326397087337
39,50,0.4056137000879658
36,50,0.4060821284805926
78,113,0.4070428268149615
127,145,0.4073983436932518
115,135,0.4078072665484212
20,24,0.4078535685354299
108,123,0.408996919231221
12,19,0.4092597585005309
139,152,0.4094469950084238
126,138,0.4094632832310828
15,19,0.4101635199470575
69,84,0.4102079700928227
92,97,0.4106137379484659
127,150,0.4107673749617395
93,98,0.4115356405807325
121,138,0.4116278405555975
35,54,0.4116391871789978
57,58,0.4129912473410651
95,103,0.4129954714844911
30,51,0.413180920796744
21,31,0.4133530847246531
5,13,0.4134934101423342
63,67,0.4136359504161866
37,54,0.4137549329353032
9,21,0.4140501846212291
89,106,0.4144167784362723
126,147,0.4144284915840801
105,120,0.4148214709091288
79,99,0.4149297790644061
76,90,0.41526966267688
104,117,0.4153554388381203
16,23,0.4158793061035178
154,164,0.4162265377683079
25,46,0.4163179706999783
131,152,0.4164465496500522
162,166,0.4166441697381575
22,28,0.4169454242119833
85,98,0.4172574696546613
136,153,0.4172683748918918
90,104,0.417275128454886
132,135,0.4173278116589636
114,126,0.4178459971963439
46,60,0.41811440803385
79,80,0.4187430453810136
67,93,0.4189529757336024
105,106,0.4190301985986477
3,9,0.4193812749591846
99,128,0.4200606854461356
93,108,0.4203773201020639
118,140,0.4208891375296872
131,142,0.4213279609432548
54,63,0.421540669666168
116,129,0.4218438860872369
115,124,0.4220420880276777
14,24,0.4221687263536044
108,122,0.4225406205630917
133,149,0.422697686629345
40,45,0.4228618230773797
33,37,0.4231497329015934
91,115,0.4233191234734638
163,170,0.4239968373290245
120,146,0.4243021560998351
115,127,0.424708948580683
137,146,0.4248846834049601
52,66,0.4249858318897421
124,141,0.4251985410003657
36,51,0.4253941313990827
84,111,0.4255836369470482
86,111,0.4256511362741383
2,14,0.4258241132616639
27,42,0.4263175966579457
69,86,0.4264561979270008
41,43,0.4271727313907855
52,54,0.4272071840843228
84,98,0.4272800527779203
103,119,0.4273441346057125
67,88,0.4276601442017033
2,20,0.4277478943717621
168,175,0.4281672220620452
130,147,0.4281803283318361
49,53,0.4288607500781712
112,130,0.4288681171662227
133,154,0.4289326929344094
5,7,0.4292785164775622
49,68,0.4294899018487889
115,131,0.4295558715143828
73,81,0.4297980352223739
75,101,0.4300785284238197
98,105,0.4301343388617305
62,70,0.4309857815118899
139,163,0.431072664740577
88,108,0.4315296831408005
3,12,0.4315662691412853
117,142,0.431573365180846
9,10,0.4319829874524208
55,64,0.4320393166910191
124,143,0.4320924958373485
129,151,0.432379221501681
97,108,0.4325564961237604
5,172,0.4326332985082013
102,128,0.4329381678890331
102,112,0.4335673867635317
66,75,0.4340688419701573
102,118,0.4342871143905684
10,21,0.4343540862807678
115,129,0.4344281867023472
25,27,0.4348096806545659
165,175,0.4351606019225887
137,152,0.4356088662534307
120,148,0.4361947690492048
112,121,0.4362870886573034
6,22,0.4365454190270207
106,110,0.436717672262961
106,109,0.4367756937787545
107,121,0.4369571849847166
126,131,0.4372433169457272
15,24,0.4372514505355716
69,83,0.4375126657645498
56,66,0.4375887214801128
83,111,0.4379335172485258
68,88,0.4379492216219552
131,153,0.4382168084706309
114,129,0.4387333853901642
26,38,0.4390016013925365
122,145,0.4391500302575315
8,9,0.4395167313400138
8,166,0.4395714871425707
97,104,0.4399556567368742
47,62,0.4400815410533891
31,40,0.4402219612863723
123,146,0.4403769658388889
48,59,0.4411657486945395
88,122,0.4419626284722237
43,54,0.442671905856973
11,173,0.4431167984000413
1,12,0.4432937898148246
52,67,0.4433161366679001
95,112,0.4433196545203781
111,136,0.4433577057177528
24,40,0.4439446448666378
43,53,0.4443709326380804
12,21,0.4445904266450955
126,130,0.4447412466304687
68,83,0.4448188590719849
125,141,0.4452788910162848
2,9,0.4455210303263435
83,106,0.4456424082382138
23,40,0.4459655233025994
6,166,0.4461778601694779
77,102,0.4461897567680679
98,100,0.446312139685726
3,175,0.4465302739221918
89,91,0.4468389174779741
49,67,0.4476625463023343
112,133,0.4480219020007192
115,117,0.4482795315430467
78,118,0.4484921850803269
154,157,0.4485685658210391
51,59,0.4485705111177022
78,102,0.4487029223149455
137,148,0.448744222627462
102,113,0.4493005086629156
95,107,0.4499251063729143
126,144,0.450041200989671
93,115,0.4506471390178109
69,90,0.4506892192806445
37,44,0.4508277822753783
125,143,0.4512107740809227
86,134,0.4514280942389459
49,56,0.4516871991741249
27,48,0.451814186869102
129,152,0.4518303332814957
63,76,0.4519571668662468
148,158,0.4520919586209312
49,69,0.4524940011380587
69,88,0.4527078990625891
106,123,0.4529662672815895
146,158,0.4531388561709557
44,59,0.453149484016681
36,48,0.4532263355000569
13,173,0.4537542852111609
168,169,0.4539802478020032
68,93,0.4543965564446119
114,121,0.454900956724978
168,177,0.4554861490479847
111,123,0.4557438271393768
139,150,0.4557770775228516
77,95,0.4558254124957354
19,27,0.455872416296399
88,106,0.4561795688934132
84,122,0.4562485855633197
22,23,0.4563877985022213
110,142,0.4573093768812994
109,142,0.4573692093832996
123,145,0.4573864471482644
108,136,0.457620477888211
10,16,0.4576623664699411
12,23,0.4578919532969839
1,16,0.4579068663590554
44,47,0.4582784329394768
24,46,0.4586280984144324
111,139,0.4587213881959964
66,67,0.4589038761655656
142,156,0.4590779374019611
6,16,0.4591396691135354
75,117,0.4591865611123383
39,48,0.4592023626041045
154,165,0.4593741752362621
143,158,0.4594235899517767
108,114,0.4594383868419895
129,142,0.4597399421997734
108,124,0.4599062781921946
142,163,0.4601785276945448
119,138,0.4602297937759172
98,120,0.4602386680121678
93,134,0.4606097236724959
5,173,0.46069868888761
114,132,0.4608775351542349
22,45,0.4609297966502542
116,131,0.4612816231081602
134,163,0.4613260425839173
75,109,0.4614647403946377
83,108,0.4614794617825375
75,110,0.4615509758124648
105,139,0.4621398640981995
101,134,0.4622310154084497
27,30,0.4623990045485556
30,41,0.4626973336044055
115,139,0.4626998637973532
29,51,0.4628507076706088
42,48,0.4631080225869441
93,106,0.4636584305180662
118,149,0.4636659883605435
123,148,0.463685326931055
137,155,0.4641118988462981
129,153,0.4645751261064027
90,111,0.464645345916853
132,138,0.464800395072818
58,59,0.4657220583053439
111,134,0.4659232193016515
74,79,0.4665778886357104
1,14,0.4666290804548803
121,125,0.4667533685968163
26,36,0.4669720419105931
142,153,0.4670067195353047
92,103,0.4671452558238309
63,75,0.4672806460083789
127,151,0.4673192811486923
122,136,0.4674221532198398
134,145,0.4675193285167828
7,176,0.4675446609278811
27,38,0.4680673075934579
91,97,0.4681902395451854
52,72,0.4683295047330994
138,157,0.4684868511381997
76,101,0.4686412693594559
71,79,0.4687571341203727
9,20,0.4690295761490192
114,120,0.4691948563573335
100,106,0.4693590628509878
141,158,0.4696386464690755
115,142,0.469646842671021
45,60,0.4705545720900742
88,115,0.470698036846035
82,113,0.4710096595434174
94,128,0.4715068212436379
38,40,0.4722500469925903
31,48,0.4723088678102934
79,102,0.4724962209799382
51,57,0.4725269419071708
160,165,0.4727253666160904
44,51,0.4730285038494959
114,131,0.4730758098641522
38,50,0.4731598818979774
33,35,0.4733289818748552
26,43,0.473496489861064
108,117,0.4735694653802633
1,15,0.4736701850899577
114,115,0.473706849183373
98,110,0.4742336645539956
98,109,0.4742626797637936
132,144,0.4749739960774955
124,146,0.4751735220608852
113,140,0.4751988721797377
115,125,0.4752010406615015
29,40,0.475210139599619
26,39,0.4752722259240735
17,166,0.4760233660874106
111,135,0.4763194786768968
108,127,0.4763647288551808
84,108,0.4768001709529081
149,162,0.477589087609778
60,71,0.4776328451033783
108,135,0.4780851263874009
95,96,0.4781099605755252
69,93,0.4782332047636039
91,117,0.4794714540645048
35,56,0.4801558239434145
165,168,0.4802746601783124
139,151,0.4807743324009335
100,116,0.4808893643790858
24,45,0.4813217185643766
49,54,0.481517747824923
117,120,0.481671356288089
28,33,0.4817305176480045
86,98,0.4826018098869115
80,96,0.4826840813647176
9,177,0.4827072371485156
149,164,0.4829525208799679
132,136,0.4830635125333855
64,90,0.4835121196084889
55,69,0.4838839524668639
27,46,0.4844142258713121
83,89,0.4850155153168312
34,58,0.4852441848275377
111,142,0.4852844799493282
67,83,0.4853430880103473
72,91,0.4856460195474939
127,142,0.4861830718424458
137,145,0.4864943477874366
37,56,0.4866756066794686
26,42,0.4871014651160345
127,152,0.4872274830292798
121,144,0.4877834538832903
81,95,0.4882504317706708
161,168,0.4884047864559182
77,113,0.4886665945327092
49,72,0.4889842196777401
1,6,0.4891841995249391
135,155,0.4893121446033326
108,131,0.4896621515694858
3,15,0.4898273501750732
86,108,0.4901219361110148
108,129,0.4901430450818081
164,175,0.490481453012903
14,23,0.490544530793924
8,21,0.4907309523359191
106,124,0.4910638718638875
136,156,0.4912741107597856
161,165,0.4913337035818681
33,47,0.4913609781805611
40,58,0.4916279768870256
9,22,0.4918187071541359
38,41,0.4918524041707593
123,150,0.4920205934937822
28,50,0.4924389807539113
11,174,0.4928682817431584
8,16,0.4932713924624847
135,156,0.4934253355692248
80,95,0.4934853645461333
23,31,0.4939887364725359
82,118,0.4948242823866243
116,137,0.4948587358139503
5,18,0.4952370335382679
65,84,0.4953723089613662
6,21,0.4954295906595614
64,86,0.4955831693288145
125,146,0.4956100605494652
25,40,0.4957506240252574
42,57,0.49612987425405
20,28,0.4966794372853
136,155,0.4966986006445847
72,105,0.4969762638536769
49,66,0.4971393769707831
121,133,0.4971645056846649
142,155,0.497764839202703
10,166,0.497938542459219
127,153,0.4980735016403318
32,171,0.4983910131095444
4,134,0.4984599434193742
15,25,0.498649787375089
122,148,0.4989470329134947
132,150,0.4993002847911635
8,17,0.4993597711070723
87,96,0.4993820240525697
124,145,0.4993914811952285
124,148,0.499534442287999
97,115,0.5000910439016988
17,78,0.5010345033870949
149,166,0.5012132527643363
35,55,0.5012210061216006
131,139,0.5013024615845366
115,145,0.5013401683441011
98,114,0.5020011199557226
137,158,0.5021456065503425
83,117,0.5028628917874638
84,106,0.5029367838756673
65,86,0.5031773422035489
4,163,0.5032040437734716
51,61,0.5033470950148511
12,24,0.503475006409895
43,50,0.5035216957038239
89,104,0.5039324153596104
64,84,0.5042102638725352
137,144,0.5049313012214938
35,44,0.5049696141452592
34,36,0.5050860984352652
161,167,0.5056500639216386
160,168,0.5063262992987971
124,150,0.5065974080541275
96,112,0.5069771563285295
10,17,0.5071873863405524
2,22,0.5071935076601258
165,166,0.5073254263995393
28,44,0.5073668003968441
78,95,0.5077689759425301
41,61,0.5082912160837637
125,150,0.5083992426921642
17,128,0.5085404622058461
61,72,0.5086113122723721
122,146,0.5089317330711813
1,32,0.5089325452220391
27,50,0.5091618275443723
87,106,0.5101127901189282
39,57,0.5101933231309982
145,158,0.510374403857068
103,121,0.5105024448158038
56,65,0.510598681641687
20,45,0.5108318925592418
111,131,0.5109116051695992
111,127,0.511240533159521
121,124,0.511589609551623
108,125,0.5118209275793485
132,141,0.5118231953078192
111,124,0.5119148883081337
97,111,0.5123001604683671
26,33,0.5123779816626135
40,57,0.5123870183158171
137,156,0.5124562598309733
55,68,0.5126097926911503
115,141,0.5127786218496782
65,90,0.5128027937077929
23,33,0.513027551579095
5,170,0.5133208774096812
132,143,0.5135893720626834
84,115,0.5137841163383376
67,117,0.5142521295575209
120,134,0.5149080597482238
76,105,0.515473083932306
115,134,0.5155456608558038
86,115,0.5156652951620917
113,149,0.5159264278314601
53,66,0.5160782827729316
83,115,0.516345407197347
91,122,0.5165004005498608
54,66,0.5165782400020675
144,154,0.5167884008113413
45,50,0.5175861644452364
121,147,0.5186814255119492
111,129,0.5188266600660395
40,60,0.5190314733737493
123,142,0.5191418100409645
88,134,0.519313124288868
145,163,0.5197017962175261
44,46,0.5205209900250999
18,26,0.5205582905975759
125,148,0.5206830168910177
122,141,0.5211557161715431
43,56,0.5216008172199073
30,40,0.5216398916953088
34,39,0.5219309472030379
165,177,0.5219974328604756
47,59,0.5220193868340026
29,41,0.5220588301975463
84,134,0.5222808598751453
36,57,0.5226441185054841
37,55,0.522659492979952
134,148,0.5227195128270282
67,105,0.5227455938066126
115,143,0.5231790492528002
31,58,0.523207554676493
58,71,0.5236299373312689
128,133,0.524381095334116
1,2,0.5246405362474432
61,76,0.5247318917976582
77,118,0.5257453258165727
137,138,0.5259353279546828
132,153,0.5260338556801171
125,145,0.5263942420857277
38,54,0.5266800371578242
162,175,0.5273120384229262
122,143,0.5279011274618057
4,67,0.5279851548820631
2,17,0.5280423516547118
72,117,0.5284740686933322
52,62,0.5284943690591889
38,53,0.5288757196859994
33,57,0.5290278956900605
81,103,0.5291529108755659
59,62,0.5292189774802958
19,24,0.5295250923061996
59,70,0.5297619833863447
108,139,0.5297811189804015
122,135,0.5299006272779876
104,134,0.5299298958304559
152,163,0.5300867452540273
33,51,0.5303356565021589
138,154,0.5304379571445139
15,22,0.5305427087340545
157,165,0.5307388105100258
65,83,0.5307437990254378
148,163,0.5307481981307082
76,98,0.5308527291630113
71,81,0.5312275665846714
22,46,0.5312625993773988
100,103,0.5313104625544568
42,59,0.5316534698009283
20,23,0.5319616955442205
34,60,0.5322428441740448
128,154,0.5325583395564332
156,163,0.5330155312486675
97,101,0.5332660584418063
43,57,0.5336288980778597
72,101,0.5337994174152865
106,127,0.5338482387260617
105,142,0.5339541496329679
102,119,0.5340859277637483
69,91,0.5341851167682891
102,107,0.5349553257975636
21,34,0.5354114847754019
27,31,0.5356480462685782
47,57,0.5356648242936751
160,162,0.5357198871608438
110,136,0.5358012457928273
80,92,0.5358081997190034
109,136,0.5358869998028097
38,48,0.535988589043634
85,96,0.5360914087052394
133,147,0.5361705958695632
121,137,0.5365681016586339
34,42,0.5366340639197621
83,97,0.5370304630637291
106,125,0.537353289736718
111,145,0.5374672060315984
68,91,0.5374833128543768
86,106,0.5376024253820714
160,167,0.5376398963952358
129,139,0.5378865035215966
115,146,0.5385451020323891
134,146,0.5386283951045846
26,41,0.5386827041678043
85,106,0.5386904861210432
75,104,0.5390193250496333
65,88,0.5393698804223159
29,50,0.5394439348795056
132,151,0.5394601077942454
40,43,0.539518505877229
21,27,0.5395852624550089
76,104,0.5396231042186099
139,156,0.5396659678655872
131,155,0.5398405888472939
10,25,0.5400344997437563
102,103,0.5401480205500941
92,107,0.540373757037832
41,63,0.5403990924495438
47,61,0.540585965817749
134,136,0.5407619561392794
147,160,0.5410788167014674
90,108,0.5418222150969233
66,83,0.5418616221288082
167,178,0.5420719079432367
79,81,0.5423611341405514
9,175,0.5424224912242036
108,142,0.5425845503095543
61,67,0.5426361968135502
23,46,0.5428114471261567
169,172,0.543596269819274
32,177,0.5436018416460889
2,16,0.5437826407966311
91,120,0.5441164464248581
140,166,0.5441295206166811
62,65,0.5441419785914372
13,174,0.5446448529240588
21,45,0.5452539571449755
38,57,0.5456271422931857
70,74,0.5459599899220786
157,162,0.5461432041331398
117,145,0.5468250191572426
173,176,0.5469159302984247
89,108,0.5470775523269547
106,116,0.5471396932502884
22,34,0.5477173176399844
115,148,0.5479712174027211
111,114,0.5480530522675563
39,59,0.5480915522999953
97,116,0.548282731433278
26,27,0.5487907434524364
140,162,0.5492847069640112
167,176,0.5493574752283716
123,151,0.5494296287997285
99,112,0.5500690956649477
43,59,0.5502806141784284
119,144,0.5503123392175889
64,88,0.5504919120204762
158,161,0.5505310971889885
107,130,0.5509084076810291
171,177,0.5518830364741314
140,164,0.5519025371431719
72,109,0.5520090075072042
72,110,0.5520983343274042
27,43,0.5522113511518151
93,120,0.5524205905702705
106,122,0.5530266078641555
90,115,0.5531063695035454
126,135,0.5534765975507686
4,117,0.5543412191894549
110,145,0.5545788021003059
109,145,0.5546484864746278
56,64,0.5549603830375383
171,175,0.5550089746185072
171,176,0.5550224124749076
106,129,0.555472246479023
85,91,0.5558502745148479
33,46,0.5559517667346814
147,153,0.5563052182150716
146,163,0.5564392477674824
119,126,0.5564759766842451
101,139,0.5565003710915818
147,161,0.5565092983398393
108,134,0.5576552617557168
15,20,0.5576719482426261
132,146,0.558007768421008
131,156,0.5580901675957264
83,122,0.5589456791286915
4,174,0.5589639661245285
116,120,0.5591282706693436
53,65,0.5593116381755882
30,50,0.5597581345462157
67,91,0.5597965709420887
30,53,0.5600510732865852
120,150,0.5601476381995192
130,132,0.5602857996166232
65,93,0.5603005949382511
64,93,0.5607854789358183
41,42,0.5608182094497169
154,160,0.5609148101541377
127,139,0.5609843787383789
130,154,0.5609987790309773
75,122,0.5612616072096583
161,162,0.5613082820258729
104,123,0.5615482646969372
167,170,0.562009242465898
144,160,0.5620187922057808
139,153,0.5622029648048249
125,151,0.5622077131762055
124,151,0.5624417436916468
134,141,0.562868225606862
66,84,0.5629205579532066
42,54,0.5629844097013285
36,59,0.5630401323873588
123,152,0.5631867581097237
107,116,0.5641169947346925
111,141,0.564469693599615
118,166,0.5646023954430938
106,131,0.564630845876273
157,159,0.5650208583148082
114,135,0.5650863623561897
111,125,0.5651206475060901
64,83,0.5651334022711308
2,175,0.5655924974895543
18,41,0.5663956267589927
67,109,0.5665687588815911
67,110,0.5666609547658716
54,59,0.5671552521427935
12,25,0.5672883218420447
134,143,0.56743961348911
89,101,0.5674872948457351
87,91,0.5677832481189196
30,54,0.5682444202382266
129,155,0.5682735628441657
124,142,0.5694628908086707
128,166,0.5697048648365015
1,8,0.5697716278576958
106,136,0.5700428788859281
19,29,0.5702477378149964
81,87,0.5703460487829102
120,137,0.5710108929536427
52,75,0.5711695161556449
122,163,0.5712446740073124
121,123,0.5712719412373536
3,16,0.5712787754631146
70,71,0.5713934774042161
42,53,0.5720551262589633
81,85,0.5721968215529367
100,107,0.5724376053738978
116,135,0.5725008245483045
6,17,0.5727012865559834
11,172,0.5732942537574996
169,174,0.5733486374429857
38,59,0.5735865524958885
89,114,0.5736701809565632
104,139,0.573895363424779
39,41,0.5738983319984033
158,160,0.5739142657694752
111,143,0.5746355255432024
164,177,0.574698324957535
130,140,0.5747455396318779
90,98,0.5753523110376586
113,166,0.5758637368098494
2,177,0.5767047071007125
28,58,0.5768060641190816
75,134,0.576824891961557
128,159,0.5770154887277946
108,145,0.5770926703571011
2,21,0.577618825696849
47,52,0.5778396717755457
32,176,0.5784124596382688
29,48,0.5785995413576097
117,136,0.5786084271289128
4,172,0.5786925905120957
106,135,0.5787447869080961
50,51,0.5788092982258513
21,46,0.5788529896623579
9,25,0.579165121031867
44,60,0.5794437473443809
88,120,0.5794917575426172
147,158,0.5795181154021011
24,33,0.5796109568699906
83,85,0.5796899332267168
104,136,0.5798103749218049
16,19,0.5798455981238866
6,177,0.5799362304402914
121,127,0.580344464944512
56,69,0.5805320736515673
125,153,0.5806738764106832
104,114,0.580788634136576
43,48,0.5815267075437452
67,101,0.5819251943148652
123,139,0.5820240925088361
54,65,0.5820783762810688
6,175,0.5824833277164905
33,59,0.5827078497933589
27,45,0.583247731402406
132,148,0.5833335970066806
135,158,0.5833508655880894
111,146,0.5836971348820841
123,153,0.5840552951088217
134,173,0.5843705377024055
139,155,0.5843979318503337
76,89,0.5844908818421786
61,75,0.5847003790398788
114,137,0.5847609480760847
40,59,0.584769750113311
124,152,0.5847889896515386
120,132,0.5848115764130779
119,140,0.5849483908403447
41,62,0.5850334229338308
39,54,0.5855167154630478
144,161,0.5855423640351337
4,90,0.5864155705171155
90,139,0.5870930803317581
2,164,0.5872034015927826
97,120,0.5873864934091967
62,69,0.5874128573849496
108,141,0.5876997598783007
44,58,0.5879288482464768
35,49,0.5881348870703473
53,64,0.5882896727418129
88,89,0.5885429719592623
124,153,0.5885918849634636
120,152,0.5888993897317578
1,10,0.5892731328042037
111,148,0.5895047024101032
110,135,0.589735566065311
129,156,0.5897590764005796
109,135,0.5898235509899232
87,114,0.5899178764319167
36,41,0.5903119680601362
106,117,0.5903527782550351
23,45,0.5912044746293067
76,109,0.5913969673248277
76,110,0.5914595673991125
35,52,0.5917030745278569
51,52,0.5919256285284797
125,152,0.5919932071924868
154,166,0.5929157584253879
29,34,0.5931543726872184
115,116,0.5932614580440303
49,75,0.5934257784312935
3,7,0.5934606633381063
39,53,0.5936921578162019
108,116,0.5937547112948144
80,82,0.5939503375808255
12,22,0.5941587331029716
43,55,0.5942965518877689
57,62,0.5943034587380365
20,46,0.5944716146223999
17,77,0.5946366851214164
31,50,0.5947567939524516
132,152,0.5952758183401067
9,24,0.5956774708478326
154,161,0.5968179036870593
136,158,0.5968757224009078
24,48,0.5970516386695666
14,31,0.5975559104982081
31,60,0.5975762592033961
68,105,0.5977213640272616
66,88,0.5977955714189342
108,143,0.5981175347772111
125,147,0.5981501022846765
66,86,0.5991197839262059
67,134,0.5994290252950815
130,149,0.5999584315503087
96,97,0.5999663706154246
105,136,0.6006077577444039
103,116,0.6006246406232704
117,163,0.6008593338491141
137,142,0.600870062924402
57,70,0.6013500340135483
102,140,0.6014651966688441
28,36,0.6015294420698002
16,28,0.6015875482684628
155,163,0.6016043965433713
8,25,0.6017464166812736
83,87,0.6017643001617246
143,163,0.6018290241408334
49,62,0.6019199086147886
114,136,0.6021724847455383
127,155,0.6023905654028412
159,160,0.6024619337370503
47,50,0.6030728331272309
9,178,0.6033665665641031
34,38,0.6036734111055096
100,108,0.6037055091825679
151,163,0.6039901472500098
125,142,0.6044305531291637
121,129,0.6044447956356782
38,56,0.6056732184741702
17,94,0.6058257655171274
141,163,0.6058795145849721
56,59,0.60603924381277
117,148,0.6060452183694413
134,135,0.6062517649768043
142,158,0.6062546450680613
47,49,0.606339005578875
23,44,0.6077377273877465
161,171,0.6082579368091293
12,32,0.6089510412754232
157,158,0.6091829409243447
36,54,0.6093537145740541
89,111,0.6096559634006263
34,57,0.6098169589285412
4,5,0.6099921260070591
107,133,0.6100219242439132
104,135,0.610389798672501
132,145,0.6104110873830719
54,57,0.6105220938779545
90,106,0.6106305041265494
30,48,0.6106626026460926
92,114,0.6110435458820079
14,28,0.6111895283450222
89,96,0.6112472918163744
88,97,0.6114552911916952
66,70,0.6115008592111425
26,47,0.6115855994703165
86,120,0.6116120900521059
46,57,0.6118024345987895
149,165,0.6119108309306628
81,100,0.6119754174522875
104,142,0.6123105361798102
94,112,0.6123497673018329
73,79,0.6123591521294798
95,119,0.6124645146580669
104,124,0.61252088058446
3,171,0.6125413360532822
98,123,0.6127813156556583
166,175,0.6129184192503877
101,142,0.6132822623751689
23,29,0.6134532782229789
23,36,0.6139839798203139
108,146,0.6141609378672791
32,168,0.6142589298259824
19,30,0.6142639566021724
162,177,0.6145054282171094
51,63,0.6145410919290523
110,148,0.6145791782743976
109,148,0.6146494917604519
120,151,0.6149346674945821
13,172,0.615152765288154
25,48,0.6153167041284675
82,128,0.6160078753375746
62,64,0.616153261560049
81,107,0.616295378745362
68,101,0.6165407831968833
32,175,0.6167226436418131
12,20,0.6168879970865344
36,53,0.6169799200370831
13,49,0.6172246084683847
117,146,0.6173199070761376
91,134,0.6174022861168913
147,150,0.6177779048348272
162,168,0.6178747772028557
126,136,0.6179585042144436
147,155,0.6182353323692851
71,77,0.6184446519284745
98,122,0.6184993013283598
99,140,0.6188619956156683
29,53,0.6188799879317457
87,104,0.6192974143414928
110,146,0.6193154703207919
109,146,0.6193883378541736
54,64,0.6197936122845648
84,89,0.6199062253251302
15,27,0.620112142065254
84,120,0.6201626337296878
55,72,0.6202680403276766
110,141,0.6203166499783188
109,141,0.6203941707065537
56,70,0.620425254255855
147,151,0.6204789761739115
131,158,0.6204989804076243
53,59,0.6208333058464021
56,68,0.621158387530045
28,39,0.6211601703473318
78,128,0.6211686272793652
89,115,0.621356664391027
23,48,0.6216648755302066
4,72,0.6216997229778648
19,33,0.6218463406748841
59,71,0.622127594551065
93,139,0.6228009469583861
4,122,0.6230441752154943
116,130,0.6234562085514601
116,136,0.6235151624398552
108,148,0.6237571994501984
6,25,0.6239946412370599
17,20,0.6242247339681348
119,128,0.624361594181058
17,99,0.6244610915049399
127,156,0.6247398375467598
75,111,0.62474811437406
29,54,0.624842809756197
150,163,0.6248484600817652
129,147,0.6249889348132401
9,23,0.6250725882197412
26,44,0.6251528787146486
122,131,0.6252847541953348
67,122,0.625429921526659
20,34,0.6255071200094903
98,117,0.626016686232402
126,133,0.6261123408463067
65,91,0.6269028483723249
104,127,0.6271091583022107
77,80,0.6271121212787689
101,136,0.6284781212630508
110,143,0.6287037442868967
109,143,0.6287807246903957
10,31,0.6290167528356438
105,145,0.6291724606131082
3,14,0.6295801949828351
85,104,0.6301275750942685
60,74,0.6303052104989719
156,170,0.6304755403750431
55,67,0.6307897131366419
132,155,0.6311972756674757
127,147,0.6312264668875317
117,141,0.6315093520037052
69,105,0.6315494577857866
75,98,0.6321525149174912
72,134,0.6322045056551284
49,51,0.6322269445923938
37,52,0.6322709329420879
90,120,0.6328305160932592
107,114,0.6331543755717393
159,161,0.6332918881448145
37,49,0.6333195585528417
147,154,0.6336436922982167
97,123,0.6339167061889646
43,62,0.6341884862948891
69,101,0.6342066663130429
28,60,0.6343249583677195
22,27,0.634449624120346
116,119,0.6344597019915524
160,171,0.6346715458595956
89,93,0.6347398619362609
165,178,0.6351157133676396
92,98,0.6351569704436734
83,120,0.6352076825235611
104,131,0.6356331630042111
119,149,0.6356403313638429
72,122,0.636050709569027
66,93,0.6366468257064627
124,139,0.6367230446221473
61,70,0.6372191813580398
32,169,0.6377016317001322
7,18,0.6377813653175239
53,69,0.6379017407581128
117,143,0.6379944616445311
23,39,0.6380816587090457
37,62,0.6383739448271442
66,91,0.6385570242704319
76,85,0.6385695973540866
103,130,0.6386408261247083
86,139,0.6386710161562303
57,71,0.638715862268653
28,42,0.6387282544713251
131,147,0.6388107056754289
18,49,0.6389387046960028
104,129,0.6390698407737698
47,63,0.6391616790101133
160,164,0.6392768048358606
6,15,0.639782565329294
16,31,0.6399050082068487
100,104,0.6403506498426738
117,135,0.6405922284720799
3,168,0.640787876395538
169,178,0.6412124184605695
41,64,0.6412655757168861
42,56,0.6417824862180762
121,131,0.6424815416643498
66,90,0.6425136799138218
102,133,0.6426105914210907
35,62,0.6428681466598967
72,104,0.6434035607249927
83,134,0.6434652366724443
17,82,0.6436028515439887
99,119,0.6436528018180165
19,21,0.6438427020397955
30,34,0.6443516043407832
30,57,0.6444631120094674
93,97,0.6445263133266683
68,117,0.6446278724351261
129,158,0.6449006744346608
122,152,0.6453213185001156
99,103,0.6457080162085157
30,56,0.6457206569905735
52,76,0.646300520530913
62,68,0.6465450110706761
60,73,0.6465806778963648
112,138,0.646586451249423
97,124,0.6467539941513661
99,107,0.6469623693629634
124,147,0.6470037634916043
27,37,0.6470197909788562
85,114,0.6472078580365558
107,126,0.6472303017987426
103,114,0.6477538370442927
134,152,0.6477767480578436
87,108,0.6478880337864089
98,124,0.6479110633727394
170,171,0.6483200273544452
138,160,0.6484938823115267
63,84,0.6486004329843987
139,173,0.6493012168748186
29,57,0.649573642243518
21,40,0.6497669252973381
110,123,0.6499993571861652
109,123,0.6500914567747004
76,117,0.6501652070572089
112,116,0.65056422518597
24,44,0.6511261667419579
122,123,0.6513685265766586
105,135,0.6513975374488759
18,35,0.6517118153381696
84,97,0.6518176902395328
10,24,0.6521023840520661
74,77,0.6521687799387754
157,164,0.652920933920189
133,157,0.6529699449356804
122,129,0.6531206375874807
59,73,0.6531277447401003
54,70,0.6532636036657968
32,167,0.6539153227622945
4,75,0.6540228379699177
10,15,0.65405799636105
16,27,0.6540841966386244
158,169,0.654474785150609
126,150,0.6544899173913111
101,123,0.6552243648194913
54,69,0.6553166770023056
44,45,0.6554117698550809
112,126,0.6558093664143578
56,57,0.6562391540217442
64,91,0.6566346896934183
116,138,0.6567335811000072
130,157,0.6569784096798386
8,175,0.6571108924503548
19,36,0.6572545297945669
155,161,0.6572933865355084
158,167,0.6573014207411612
159,175,0.6575744890873247
23,26,0.6580165124336718
68,109,0.6580899960451828
68,110,0.6581767711501253
8,177,0.6587044423910889
153,163,0.6592483118440484
37,50,0.6593304507461315
80,103,0.6600479981644209
100,115,0.6604107150019025
133,159,0.6610005301815176
119,147,0.6611465044785867
23,42,0.6612091107077992
164,168,0.6612110045684033
53,57,0.661317989802201
126,141,0.6613223924365361
163,176,0.6615719865129513
63,86,0.6617703289481117
98,116,0.6623726818433316
110,131,0.6628382604979367
109,131,0.6629296517736375
41,65,0.66301494379001
6,164,0.6630381235251189
161,164,0.6634895876474582
97,105,0.6635377651206028
126,143,0.6638466424480185
138,140,0.6639559587030934
138,149,0.6640250308569926
19,25,0.6640832321826793
36,46,0.6641974995577837
132,158,0.6642530583542142
104,125,0.6642850222563864
39,56,0.6643861529715024
76,106,0.6645412532878346
76,111,0.6645914188788471
122,127,0.6646097234669385
7,174,0.6647382746172377
96,114,0.6651098591228803
161,169,0.665152482278429
95,118,0.6655473105503174
44,54,0.6664309532728713
125,138,0.6666734466060443
4,64,0.6667321109116088
35,61,0.6668142282486482
1,21,0.6668339903301115
112,128,0.6669582571679351
63,83,0.6670682702792359
17,140,0.6671523222470577
79,113,0.6677215254147442
6,12,0.6680085610512055
101,135,0.6688593555753904
95,113,0.6690319157048371
74,82,0.6690449857714342
71,82,0.6690471017370694
15,28,0.6691368358347313
28,29,0.6691396895666767
12,27,0.6692654403051511
53,68,0.6693226242843042
158,163,0.6694583440323579
106,139,0.6698492961680151
74,95,0.6699324906128881
37,57,0.6714047428509419
120,126,0.6718392660149249
130,137,0.6718682149959644
104,145,0.6721473737140885
30,59,0.6721887536043329
102,149,0.6725170203176476
166,177,0.6728470515394626
85,108,0.6732102969593928
63,90,0.6732910757405757
138,161,0.6733560654086139
34,43,0.6741673912498597
23,30,0.6748482568533851
100,124,0.6755268775461633
111,116,0.6758985160357762
126,153,0.6760495589109375
97,125,0.6763852468908784
125,139,0.6764020847704895
15,32,0.6766370636814634
1,168,0.6770492298820149
88,139,0.6770741985105047
39,46,0.6771690838626081
37,59,0.6773969894672204
100,121,0.6774040116752277
127,158,0.6774522650525359
19,39,0.6775253740719062
90,142,0.6776205281020549
58,74,0.677838093919394
38,55,0.6783287772262243
91,100,0.6785097478282172
120,153,0.6790990446250689
22,40,0.6791717503845124
106,142,0.6793927146042653
14,177,0.6794009269785488
155,160,0.6795454792859351
25,33,0.6796357251987519
94,140,0.6796997635022765
132,156,0.6797207219766099
122,150,0.6799437958959716
76,87,0.6800758443248071
17,149,0.6802534560068709
115,132,0.6803418708548422
37,40,0.6803901002998546
158,170,0.6804674144451905
157,168,0.6807872055342657
115,150,0.6811699556647176
4,49,0.6811913986900706
165,171,0.6813673934035531
116,147,0.6818405283930983
110,129,0.682471796819787
109,129,0.6825638325117298
11,176,0.6826009885405345
81,82,0.6830108325811295
155,170,0.6830769904185803
9,32,0.6832048130046923
125,144,0.6832694369221133
100,123,0.6833745527662821
95,128,0.6834562008749856
77,128,0.6835387624196019
96,119,0.683567940392354
144,149,0.683738469915792
140,165,0.683765985065365
29,59,0.6840705659665616
8,15,0.6842078240450474
70,80,0.6843094155463131
96,116,0.6844075955739494
34,59,0.6845162635637563
115,137,0.6845896794053213
55,76,0.6846538898592428
46,59,0.6849042318661969
75,108,0.6850686005274957
110,127,0.6851733914422419
109,127,0.685265783568264
94,103,0.6853361031636683
37,61,0.6862288032359521
33,45,0.6862346060247438
147,156,0.6862470290149922
99,149,0.6865441925139024
12,177,0.6869782593059889
123,155,0.687152931902892
106,134,0.6874507798699532
87,101,0.6876880512610215
42,46,0.6876902886285393
11,49,0.6878235582010458
136,163,0.6878713229116089
27,35,0.6879707086602644
17,22,0.6880513873374343
125,155,0.6881622057494087
92,116,0.6881718988033854
36,56,0.6882569925271593
13,67,0.6884920559461354
156,172,0.6885291587932043
44,53,0.6887055294409014
100,125,0.6887271712820049
85,101,0.6887824422056529
105,148,0.6889374919386146
31,44,0.6889421790283071
105,123,0.6891978136662505
96,102,0.6892974140788557
8,164,0.6894326608774378
4,139,0.6894339781487335
19,28,0.6895269826648834
19,38,0.6897598648513283
33,58,0.6900964739583535
76,108,0.6902483642403507
8,31,0.690336104632308
81,89,0.6903363969280585
63,88,0.6909596856766441
48,51,0.6911693529085935
105,141,0.6915462743482583
33,60,0.6916388209750296
139,158,0.6917563746075099
24,36,0.6918092357990917
4,86,0.6919503157748367
98,125,0.692010224451189
101,145,0.6921516540930182
76,97,0.6921719237743056
100,111,0.6922728073945251
128,164,0.6923454754249095
167,175,0.6924377798739884
85,88,0.6924590870151403
54,68,0.6927285593433222
31,33,0.6927445283714677
105,146,0.6927502272008302
64,105,0.6927572878441416
2,162,0.6928362566437554
103,133,0.6931137241327968
86,89,0.6933133905693788
119,154,0.6933690612955614
13,52,0.6934440161190958
126,151,0.6936579308942976
140,144,0.693787494013819
112,140,0.6938280684426492
10,12,0.6938860107289652
153,161,0.6941588545771276
123,147,0.6945066151553952
124,155,0.6945227119577301
84,139,0.694837039793766
98,127,0.6948431650866757
57,73,0.694881743433196
62,76,0.6950223284037985
16,177,0.695071138063531
94,107,0.6953586088017444
79,118,0.6955187929923936
67,104,0.6960511881262608
92,95,0.6964824294778774
137,139,0.6965239625445765
23,38,0.6966040337098579
101,114,0.6967631998307978
69,109,0.6968149303785632
69,110,0.6968979515070934
49,76,0.6976787678686086
74,96,0.6978950124359159
69,117,0.6980407576759154
156,169,0.6982077586238201
13,163,0.6984138994691278
93,142,0.6984335360974336
80,94,0.6986282939432232
128,130,0.6988128715518032
19,42,0.6990213154281085
18,37,0.6993794268727215
30,55,0.6994405686003947
92,106,0.6994423079020837
10,177,0.6994871601676329
149,157,0.6997824557989116
160,169,0.6998338555628489
2,25,0.6999308574230555
24,50,0.6999493322249152
89,105,0.7001075267933347
11,163,0.700133419142394
147,152,0.7001528654956788
144,153,0.7002129920461131
105,143,0.7002211212401248
5,163,0.7002993090748008
28,38,0.7003355240908157
142,173,0.7005356777721089
134,150,0.7010630555766766
97,110,0.7011806928606157
1,20,0.701208749271909
97,109,0.7012201371005323
104,141,0.7015025471956174
71,78,0.7020937117176228
155,157,0.7022505193937683
119,132,0.7024811549607611
4,18,0.7025200754473294
29,56,0.7028835593770798
96,121,0.7030357988746988
118,159,0.703409594948338
117,173,0.7036502259934554
51,66,0.703710169465339
153,157,0.7038868561336493
167,177,0.7039708617840371
106,141,0.7039972284605526
10,175,0.704183125968483
51,70,0.7042244679317715
4,109,0.7042385951426069
4,110,0.7043026733582163
73,92,0.7044232853390272
4,68,0.7047337393510267
115,152,0.7047651690933669
14,19,0.7049714883627551
106,145,0.7049865474232496
26,51,0.705002719333934
53,70,0.70523332699518
156,161,0.7058483807760909
47,48,0.7063315507512677
123,156,0.7064052666511009
23,50,0.7069808090722011
65,105,0.7071973101676959
7,11,0.7073212184645024
58,73,0.7073308314579961
33,41,0.708070697057223
87,88,0.7085724632041071
126,146,0.7087936586522755
40,47,0.7090622657339929
55,75,0.709422023426284
101,124,0.7096792932157572
12,178,0.7097028452800277
87,103,0.7099099848257938
116,144,0.709999073527219
7,19,0.710244744000719
110,124,0.7103351573333434
109,124,0.7104271062921684
64,117,0.7108635445756823
74,92,0.7110559189877276
8,24,0.7110699159226109
153,160,0.7115192978515061
104,143,0.7116581547891607
101,131,0.7117220807717429
18,52,0.7121424272766171
122,151,0.7121666013346799
122,124,0.7123979899100288
9,19,0.7127983577081218
135,147,0.7128310022667522
38,62,0.712914102275837
101,127,0.7129929420004889
131,134,0.7130480285859524
144,158,0.7133303651795685
103,126,0.7134123117315059
35,50,0.7135021957336127
86,97,0.7135196216747768
132,142,0.7139290731390427
24,29,0.7142671533805125
106,143,0.7144146030071893
75,115,0.7146262970160789
2,159,0.7146705197691038
80,85,0.7149370833599515
165,167,0.7150423536243052
24,39,0.715100667383774
55,70,0.7151211529174399
41,66,0.715464486484171
94,119,0.7157055146168134
118,154,0.7160102299110961
63,93,0.7161495168234554
137,157,0.7161717960348432
20,27,0.7163774809790115
105,131,0.716392257362956
75,106,0.7165763765178615
122,173,0.7166582054635884
98,129,0.7169412337257532
116,141,0.717058303185105
82,112,0.7171538595397282
155,169,0.7174231801375329
87,111,0.7174413614908542
114,141,0.7176384831089831
157,167,0.7180073311051705
92,112,0.7184378659852625
7,178,0.7184585122941469
125,156,0.7186268550948265
8,12,0.7188835490946515
35,57,0.7190379591458419
128,162,0.7191135391049767
68,104,0.7191498746604631
84,85,0.719199526323355
33,54,0.7193099756779365
124,138,0.7198312077500669
124,156,0.719839969143733
87,115,0.7198628970424069
65,101,0.7199848171701578
104,146,0.7201347265529529
89,116,0.7201748634954044
87,116,0.7202142305880259
78,80,0.7202373193682287
45,57,0.7202394462418744
108,132,0.7204025072657538
6,24,0.7205293703135616
101,129,0.7205559776832268
2,15,0.720880882830808
11,170,0.7209303944126344
15,177,0.7209860067344077
40,51,0.7210951347728328
86,142,0.7213540672698137
79,96,0.72152682111194
35,59,0.7216252059338925
97,127,0.7220846193378164
100,120,0.7221235112816841
19,40,0.7222332074600372
134,151,0.7225966732276831
17,102,0.7227249453285277
98,136,0.7227962179288303
14,27,0.7229348331747177
80,87,0.7233201251654161
116,143,0.7234259436400148
1,171,0.724183340266532
2,165,0.7245087277000086
4,105,0.7247906093881885
89,120,0.7252716558371112
104,148,0.725288592680463
64,101,0.7253772123973138
42,55,0.7255469277576178
28,30,0.725667722080526
114,143,0.7258156099488045
99,133,0.7261452305384533
98,131,0.7261474883405836
14,175,0.726285635905451
72,111,0.7265803973298945
41,44,0.7268202183632719
118,133,0.7269618892491129
104,116,0.7269752758813879
3,6,0.7274366955831821
59,74,0.7276236616915767
110,163,0.7280179724717256
109,163,0.7280190393184773
143,147,0.7283970367059159
125,130,0.7284495826043403
14,45,0.7288628308974461
7,170,0.7295063719876496
69,104,0.7296160998988965
70,85,0.7298427871142694
156,160,0.730153332606672
25,44,0.7301676428510808
25,50,0.7307469325492619
16,34,0.73079017068906
80,102,0.7308538973284737
33,53,0.7309138759372631
42,62,0.7313403672632922
76,122,0.731351626671301
35,63,0.7320890874474465
72,98,0.7322473322684654
105,127,0.7323106076624389
35,40,0.7324222228428923
141,147,0.7324658907110866
105,129,0.7328619108360492
91,139,0.7330418377599416
117,131,0.7333743008539981
152,170,0.7338749928761696
127,138,0.7338869141905449
19,34,0.7339056852789976
10,45,0.7341073005895643
70,81,0.7342503280322046
126,148,0.7343399909248596
63,70,0.7344651362071807
56,72,0.7345700994664967
12,28,0.7348500940168936
115,151,0.7350762227992087
129,144,0.7351245317832305
124,144,0.7352633264393422
91,114,0.7353906211988123
167,172,0.7354112075209679
106,146,0.7354612248278347
7,169,0.7354769141224924
1,22,0.7356744118328181
37,48,0.7359066727144332
127,144,0.7359695839502259
80,99,0.7361645397885914
132,133,0.73619128701204
98,135,0.7362718120617368
85,111,0.7369202501967261
24,42,0.7369392284926246
111,150,0.7372494893702839
129,138,0.7378776420454612
112,144,0.737885656533686
82,103,0.7379434779365548
101,141,0.7380412595375478
84,87,0.738643601467847
81,102,0.7387828259509959
42,60,0.738965363731121
4,52,0.7391427356294411
108,137,0.7397353176301209
100,101,0.7401447954511432
26,40,0.7402419425890943
135,163,0.7402511718186786
102,130,0.7408704351736891
97,103,0.7413678841923447
44,56,0.7415999419649927
6,31,0.7420559790328951
27,57,0.7421564822076062
7,12,0.7421652056759152
164,178,0.7423837352302651
85,93,0.7425150534252895
100,126,0.7425575861873818
73,96,0.7426932829065405
80,107,0.7430972593616222
83,100,0.7431122788253641
39,60,0.7432013313986368
113,159,0.7432368784082365
159,177,0.7433411439055984
7,171,0.7434394813661064
74,78,0.7434878946019634
106,132,0.7440321975500638
155,167,0.7440674709781397
28,57,0.744105760010863
55,59,0.7442070960159688
156,167,0.7445165295642627
76,115,0.7447977521595948
36,60,0.7450036536489185
129,134,0.7451040866064321
144,159,0.745386341568841
94,149,0.7453910910324115
98,134,0.7454568363221431
52,90,0.7454568759601418
5,32,0.7455519104154819
81,112,0.7456827762038075
71,95,0.7456966915875678
2,12,0.7459361453918869
14,34,0.7460084482516094
43,61,0.746134642213745
77,81,0.7465678273209975
64,109,0.7465687737038088
39,55,0.7466014283330116
64,110,0.7466589227744328
85,115,0.7469753627937475
117,152,0.7475805396789823
106,148,0.7475849039569714
101,143,0.7476545983551994
100,112,0.7479871669283688
140,157,0.7480307298823257
105,124,0.7481202319558425
115,126,0.7483560398489056
13,64,0.7483657421224903
5,169,0.7484996638996536
101,146,0.7485904533055668
43,52,0.7488672309762401
1,165,0.7492486563436765
101,148,0.7494409697504559
88,142,0.7500172303862306
111,152,0.7501228947270484
117,123,0.7501885949818691
68,134,0.7502098718951348
107,138,0.7503662084444951
7,172,0.7505386753483124
126,152,0.7505733687735223
155,172,0.7505757604165658
61,83,0.7506032812726162
56,76,0.7506258741483135
4,93,0.7507172057913922
3,19,0.7508410457921164
68,122,0.7509081582950627
120,156,0.7510422412353108
49,90,0.7512854760210221
47,66,0.7513938833357471
125,158,0.7514261735988452
61,84,0.7515247877771337
58,77,0.751654011408994
19,37,0.751903601413172
4,170,0.7521323643348089
20,166,0.7523333865642878
79,103,0.7524303320857441
97,129,0.7524345699318372
139,172,0.7524468389791289
10,164,0.7524806106154088
19,44,0.7525212550756598
73,85,0.7528261562748543
112,114,0.7529260604476303
65,117,0.7537530979202494
27,58,0.7538439356288554
131,144,0.7541250693633544
89,110,0.7542048116614423
89,109,0.7542217230004707
81,94,0.7544674923668835
1,166,0.7547270253530368
162,178,0.754855487503045
108,150,0.7548926319807087
39,62,0.7549890241491881
58,79,0.7550586691246278
41,68,0.7550875791313308
42,58,0.755210865520392
168,176,0.7553393507221701
16,175,0.7553912629640465
112,149,0.7556628627731661
87,93,0.7556649439157292
56,67,0.7557450842069667
36,58,0.7558289924370414
152,172,0.7559734927734683
57,74,0.7562509019741601
27,47,0.756491884209941
41,69,0.7565105683816821
39,58,0.7567823365139439
85,103,0.7572606423928466
126,145,0.7576014842216304
163,169,0.7578777122407943
1,164,0.7579719480547461
10,28,0.7580657186207311
50,54,0.7581208542963949
17,31,0.7583397985975817
19,43,0.7583952978656834
13,176,0.7584842656200628
20,40,0.7585869807179106
144,155,0.7590273293497908
38,46,0.7591114594510959
134,172,0.759269382618551
120,155,0.7595445725388498
37,63,0.7597186240674993
117,129,0.7598116379190903
29,55,0.7599960910269614
60,79,0.759996414403129
123,134,0.7600229504309997
159,168,0.7602576204460431
19,35,0.7604034504282653
93,136,0.7604554452549088
121,135,0.7608978255977038
146,147,0.7609187325245411
134,156,0.7611976533890771
144,150,0.7613356878435761
131,138,0.7614401166897596
127,134,0.7614457128544907
10,23,0.7614733600895599
138,153,0.7615571863214156
15,178,0.7615860559939077
43,49,0.7617814784533091
122,125,0.762003230540081
4,65,0.762021685514822
81,97,0.7623124149204561
101,125,0.7624734540070059
110,125,0.7631760606999615
109,125,0.7632681120238203
156,157,0.763564495153718
67,111,0.7637455066779888
69,98,0.7637993477559482
8,113,0.7645252614143074
123,158,0.7645569387911579
62,72,0.7645582694889377
124,158,0.764584119481118
144,151,0.7647637675556441
63,91,0.7650545994342057
11,52,0.7655460038107
114,146,0.7657095040549734
82,107,0.7665209790895757
106,126,0.7665836372961143
12,175,0.7666582158323419
25,58,0.7667371083235324
100,127,0.766817423329919
113,154,0.7671873456483647
6,162,0.7672847257944587
116,146,0.7672927125341524
2,3,0.7674742380098077
4,84,0.7677030023620777
70,76,0.767810236094038
29,46,0.76784038021724
2,113,0.7680708277411248
111,137,0.7682103010854624
65,109,0.7684733770749995
65,110,0.768559759674212
167,174,0.7689654674910832
114,119,0.7689942653716834
52,86,0.7692372921923666
117,127,0.7694572089796212
36,55,0.7694630755147125
111,132,0.7696600451486697
15,31,0.7700129601781943
138,159,0.7703237100041715
132,157,0.7703777286444501
13,41,0.7703942397288102
18,30,0.7705329235933998
110,152,0.7708457308618211
109,152,0.7709119708856014
87,107,0.7709262459508036
96,99,0.7710048775594311
16,45,0.7717960224451381
9,166,0.771998171293394
84,142,0.7720269344392779
60,70,0.7720436402682528
22,48,0.772292903105622
91,123,0.7724748297608157
136,147,0.7725767428986863
13,170,0.7728375917893768
142,172,0.7730320218985399
30,62,0.7731371396374512
158,172,0.7731933435071481
61,86,0.7733184766479655
151,161,0.7733970291411659
108,126,0.7737893299662124
81,99,0.7740199656434985
97,131,0.7742674468606946
156,173,0.7742994671073259
151,170,0.7747916506022026
66,101,0.7748275408763807
51,65,0.7749284387864025
145,173,0.7749304996950191
18,19,0.7750000503764647
114,145,0.7756006219693075
24,30,0.7757561021020691
169,173,0.7766835408403668
123,138,0.7767088800040403
68,98,0.7767252203587565
28,43,0.776819746587357
26,53,0.776915598533973
11,67,0.777242611128163
116,150,0.777302880956565
53,72,0.7773624301259412
4,142,0.7774051530031906
118,164,0.7776374482177827
97,107,0.7778029700992308
50,71,0.7782282700108645
17,45,0.7784488373019216
98,139,0.7790397648580826
126,155,0.7790627696508878
36,62,0.7790785328007281
21,48,0.7792186422455021
58,78,0.7795873148671512
60,77,0.7797513427568631
4,69,0.7798567443365689
14,46,0.7800469124338638
17,164,0.7800481348238143
85,116,0.7800914145131846
147,148,0.7802300777960711
108,152,0.7802409647569194
122,156,0.7802523217861145
124,130,0.7803087604598246
15,34,0.7803585228446572
52,84,0.7805497817781648
114,130,0.7808445296996176
23,43,0.7810995185621541
113,133,0.7811618316865083
133,162,0.7823448117308049
110,114,0.7825877078301949
24,38,0.7826435006756094
109,114,0.7826665741453704
82,96,0.7829543537437871
176,178,0.7829552457098413
75,89,0.7830452709434863
10,113,0.7830812611800319
2,118,0.7833968925960695
153,170,0.7848599361884284
151,157,0.7851267214818661
76,134,0.7851821212184587
27,60,0.7856467781640809
17,159,0.7858013409850898
53,67,0.7858075040114332
94,96,0.7859025979946912
14,166,0.78592602784412
112,118,0.7859790165595708
70,87,0.786528332960741
49,86,0.7866974931285097
13,72,0.7868049566258518
3,167,0.7871798466247379
73,87,0.7872060641482845
117,150,0.7873415691794489
8,118,0.787844381943401
105,114,0.7879059977102476
6,178,0.7881859300215298
114,148,0.7881985687895162
118,119,0.7882045561406115
83,139,0.7882349404277575
111,151,0.7885022331555729
123,144,0.7886419913083316
80,100,0.7887917644794318
72,108,0.7888373840220485
6,165,0.7889942891682866
90,145,0.7890461545170374
44,62,0.7896435619672663
152,173,0.7901235423312813
110,150,0.790342355107761
35,48,0.7903523528175008
109,150,0.7904166567994969
156,174,0.7905380454151256
45,59,0.7905868635646091
91,142,0.7906124768476402
148,173,0.7907084150381221
138,158,0.7907522704705165
45,78,0.791086773436921
61,88,0.7911496459258428
91,136,0.7913226709470912
151,160,0.7915600630763455
116,148,0.7920194013483471
24,26,0.7924057770959346
160,175,0.7929746209581137
116,145,0.792993277848656
8,45,0.793075989146788
55,57,0.7932072864103193
18,174,0.7932919262203491
161,175,0.7934087162359081
122,153,0.7934617738791618
61,90,0.7938451835962672
105,163,0.7939352894443645
2,178,0.7945646884482267
93,145,0.7948945840711068
90,136,0.7949876021096165
7,13,0.7950770951471228
59,61,0.7954286227648281
106,137,0.7955618679795082
85,86,0.7957903995169209
73,95,0.7957945286913279
8,162,0.7957975890696577
73,77,0.7959361023298266
4,88,0.7963870852386047
6,159,0.7964744244897766
47,65,0.796714505907984
50,53,0.7967771043254512
36,45,0.7968535435597313
25,36,0.7970311938658139
15,175,0.7971073685523656
18,29,0.7971772879411503
116,133,0.7972206784177017
75,139,0.7974680929085516
2,31,0.7976197473970577
33,56,0.7976369564359899
3,21,0.7977452547050342
19,32,0.797838468735292
89,90,0.7983285862890213
16,178,0.7986956154299096
12,26,0.7990936107279838
47,70,0.7994807589501115
88,136,0.7995043793536898
16,46,0.7997039581438683
66,105,0.7998297110849683
107,132,0.7998897981179027
41,67,0.799916360259755
15,26,0.8001297730570343
64,134,0.80027533768249
115,153,0.8009725203981435
69,122,0.8011329812804353
100,129,0.8011937233541813
126,157,0.8012245613031144
105,125,0.8014309412917154
144,162,0.8015045889975574
95,133,0.8016495967239793
13,134,0.8017372613747078
2,24,0.8017809245657496
132,139,0.8019065504901508
94,133,0.8021412136162277
17,79,0.8023619228499237
126,158,0.8026327632543707
19,22,0.8029991272065459
27,51,0.8032371541235908
134,153,0.8034611015371727
79,107,0.8037073501961874
79,112,0.8040047149727446
54,72,0.8041923916069031
74,94,0.8047987563847698
98,142,0.8049222534491769
21,33,0.805170664868475
130,159,0.8051747011637864
86,136,0.8055217789317781
89,103,0.8056755512255258
38,60,0.8060167636227378
90,163,0.8061664004680692
7,15,0.8063251395133059
89,123,0.806399268118456
49,84,0.8064153977438686
3,8,0.8064991542384137
11,41,0.806575585986244
97,121,0.8067040975563309
16,32,0.8067474773453938
67,98,0.8067690204266066
50,62,0.8068424893967111
92,121,0.807100735938988
18,173,0.8073514931851471
24,58,0.8074344553815944
113,164,0.8074632472701927
26,54,0.8075827624611139
9,28,0.8078426718797522
93,135,0.8079095496882839
27,59,0.8079677700903223
51,64,0.808508225468659
8,159,0.8089080427230287
148,172,0.8089583397367126
69,70,0.8092186342072498
108,151,0.809321369984027
90,97,0.809729459953475
48,71,0.8099180604978525
31,36,0.8101980313454635
69,134,0.810264128026807
39,45,0.8105192635576128
62,67,0.8105302570171711
112,132,0.8105720644606819
10,118,0.810572978658616
34,37,0.8108143581514766
138,150,0.811136726969099
75,120,0.8114110285929511
117,124,0.8114257572577079
134,174,0.8120367859584978
150,157,0.8124856275603844
151,172,0.8125303053122225
145,172,0.8125803636075808
149,160,0.8128830728100552
86,87,0.8131041994435713
66,89,0.8134403094401162
97,126,0.8136016533331368
134,155,0.8136886463573425
30,46,0.8138495535803624
114,150,0.8140709509455685
171,172,0.8140888663577017
9,31,0.8143800476190628
150,161,0.8146465759968309
73,82,0.8147149515010298
30,49,0.8147921526962352
45,77,0.8149564191760648
137,161,0.8152124844479058
137,160,0.8152964558928736
6,23,0.8153523626501332
87,120,0.8153850854483299
68,111,0.815489637810323
62,73,0.8159781118721741
56,75,0.816133278714575
114,138,0.8161957274902257
146,173,0.8163907723458267
72,115,0.8165950379118273
60,78,0.8166212955410368
30,52,0.8166359314455717
93,123,0.8168798404554339
8,23,0.8170493337501832
117,151,0.8170764032496767
114,142,0.8174626502885906
65,70,0.8174792431249289
157,171,0.8175100522863978
47,64,0.8177517948544077
7,26,0.8181178033474054
79,128,0.8184089890909854
65,104,0.8187119000528142
71,94,0.8187465888533864
28,59,0.8189653339915594
14,178,0.8189875286488009
162,171,0.819001530868259
25,39,0.8191709159351331
14,17,0.819253966843389
31,57,0.8193191636713266
3,10,0.8194191363317667
54,67,0.8195342719009333
74,85,0.8197009343971202
43,46,0.81971582474573
124,134,0.8199956593528021
91,124,0.8201765792175562
70,89,0.8202508923473074
147,149,0.8203379541417329
85,105,0.8203414117026738
1,162,0.8204647968728567
87,105,0.8205957553821686
138,151,0.8206814063099442
72,106,0.8206852873054575
64,122,0.8210534499266233
8,28,0.8210682644551213
51,60,0.8211963065699511
50,56,0.8212466602246008
85,107,0.8215485789088509
42,45,0.8216281553606231
100,132,0.8217397977285901
112,113,0.8218270888054137
97,135,0.8219791930380352
61,93,0.8222161967666813
119,125,0.8222917839524082
88,100,0.8223038107401001
148,170,0.822619461354251
127,130,0.8226323646942861
150,170,0.8226359704854884
89,124,0.8226653778388486
66,85,0.8232288127877992
121,136,0.8233299218981577
153,169,0.8235225109073472
122,155,0.8235295691405745
26,34,0.8240398746448456
43,60,0.8240404494225337
29,62,0.8240646077751751
86,145,0.8246933775208863
171,174,0.8248003259649721
38,58,0.8250088021560523
91,135,0.8253976920072384
168,170,0.8254534961630224
62,75,0.8259039247142564
38,52,0.826183215828676
53,76,0.8263758609116166
32,170,0.8263885477656874
107,125,0.8267821265653414
52,88,0.826824894030578
69,89,0.8271135779508264
16,40,0.8271266535273526
114,147,0.8271888501917777
31,39,0.8272395209006304
144,156,0.8273968059755629
142,170,0.8280845388945002
138,155,0.8285686523673498
97,136,0.8287358607234939
116,151,0.828884764608419
83,114,0.8289359068910467
6,113,0.8289480466508083
133,160,0.8291687594354323
91,92,0.8292124491606981
54,76,0.8295404411012757
139,170,0.8298861974736805
110,151,0.830048275293224
109,151,0.8301192118583055
82,140,0.8304612950601193
145,147,0.8305173591037608
126,156,0.8305846430621879
13,68,0.8305927080687258
38,61,0.8306504194789455
150,160,0.8309538313823639
118,162,0.83107761848853
66,98,0.8313180523545808
8,165,0.8313610028283785
120,121,0.8314435962942579
120,163,0.831607604368569
100,131,0.8316577390711289
64,104,0.8317542672013666
1,25,0.8318408197859204
158,171,0.8320094600925143
139,174,0.8320579055640627
41,72,0.8329390759027403
161,178,0.8335313673790198
146,172,0.8336066824576743
84,136,0.8337684340866454
3,169,0.8338320214336431
113,119,0.8340550149011621
133,164,0.8343332997303357
25,60,0.8343704019217407
67,108,0.834383540083051
140,147,0.8344553191274729
60,80,0.8345990151113449
11,64,0.8348487657895863
38,49,0.8348764703721872
97,122,0.8349120464548287
1,7,0.8349376947757807
133,137,0.8349440510216101
22,166,0.8349809432699424
96,98,0.8354509666455189
152,161,0.835481722662996
78,81,0.8355357515568751
52,83,0.8355588864760681
69,111,0.8356965262788378
25,29,0.8357688110412943
107,128,0.8358643382878248
52,93,0.8361443914569199
88,123,0.8361603680651686
129,130,0.8363966755555351
10,46,0.8365424751841708
169,177,0.8369419277921506
103,138,0.8374617930706035
116,153,0.8376229648955659
128,138,0.837694980958571
111,126,0.8381382268854379
135,144,0.8385552949887147
92,108,0.8386303896781543
12,31,0.8386435858127425
80,89,0.8391368624574124
112,147,0.8392842927499156
25,42,0.8395222575527621
43,63,0.8395848686904624
99,130,0.8401311402091119
130,160,0.8401326037105747
145,170,0.8402021277975976
153,167,0.8402556821524565
1,19,0.8403403442255283
1,24,0.8405772329120855
153,172,0.8409745694168625
123,130,0.8413716794486371
67,139,0.8414563169343734
101,116,0.8414591731593312
107,144,0.841562430394593
91,127,0.8417360613577498
31,42,0.8418796450027503
90,173,0.8419154587338021
138,162,0.8423234112688758
155,173,0.8423739706199915
169,175,0.8424285471029292
95,140,0.8424380572997919
88,145,0.8431316188333936
71,96,0.8431600074787136
144,165,0.8432110294264037
17,21,0.8433054775395625
12,34,0.8433428693893971
80,112,0.8437401348690807
88,135,0.8440040039008752
20,48,0.8441850378640614
74,87,0.8442083568691667
3,176,0.8442597643570177
144,152,0.8443971350928056
119,137,0.8444819997979727
18,43,0.8445887323304752
82,119,0.8446213362930535
41,59,0.8447441481141497
146,170,0.8448902319352629
75,97,0.8451126354521803
78,140,0.8455012862453924
7,167,0.845557817265525
147,159,0.8457787684814116
44,55,0.8457896592079829
98,145,0.8459130401602482
15,40,0.8459168480737116
13,65,0.8459479879882917
13,90,0.8462443806044501
105,152,0.8462945205226232
160,178,0.8463515339394142
34,47,0.8468082143291481
106,121,0.8468277562375088
162,167,0.8468764414817975
92,104,0.8476363087225456
85,120,0.8481333473576483
61,91,0.8484797683167247
6,118,0.8485355475361591
149,161,0.8485556159305039
51,69,0.8486984436768436
95,130,0.8487885370289022
90,148,0.8490454250340992
114,122,0.849661805615617
58,70,0.8500962230374867
4,176,0.8501002717677337
88,114,0.8501178951710521
26,49,0.8504869924715175
26,28,0.8508381506629007
4,101,0.8510275769779516
150,172,0.8513468955205961
43,58,0.8513601811873507
90,135,0.851400819179144
152,169,0.8515372186996346
6,45,0.8516221501390265
1,23,0.8517755906556782
155,174,0.8520268691847666
70,92,0.8520908232622667
97,132,0.852133562595124
66,104,0.8522313574092271
91,131,0.8524695675684386
13,75,0.8527450159907264
6,28,0.8528440731383057
49,88,0.8531737854137247
67,115,0.853307006904461
109,173,0.8537199161676856
110,173,0.8537484701975384
158,168,0.8538193188340708
50,70,0.8538788786054952
89,125,0.853882340573661
151,169,0.8541948589353193
83,142,0.8544427130546415
13,117,0.8545036763813868
93,148,0.8546504759982422
98,141,0.8549072510625639
77,112,0.855012391593616
91,129,0.8550180837635901
107,124,0.8552407993620088
97,117,0.8552443306404985
22,58,0.8552838426429201
126,142,0.855351886354565
57,61,0.8555955854070806
65,134,0.8557116906874775
135,138,0.8557310857205148
152,160,0.8557395603627865
93,100,0.8557437229224866
131,163,0.8560334191109461
93,141,0.8560887891116713
93,114,0.8562966638064324
86,135,0.8564440850251535
49,93,0.856583673055874
11,134,0.8566911826690284
18,47,0.8567582192939108
128,165,0.8568823237051623
2,149,0.8575592937336998
65,98,0.8578017483349217
152,174,0.85796160214866
23,37,0.8579878384072976
34,51,0.8581436204114475
90,146,0.8581516664973187
93,146,0.85828846506381
18,38,0.8583739597252714
14,40,0.8584097686878922
116,142,0.8584859701507292
74,99,0.8587996260502705
111,153,0.8588244498668435
10,162,0.8588812252560721
100,119,0.8590806490369711
161,177,0.8591958100042341
112,154,0.8592063647762153
89,107,0.8592458849487163
152,157,0.8592944111300852
114,139,0.8594082198412689
30,61,0.8595019926962956
120,158,0.8598042447220985
164,171,0.8598663141725933
31,78,0.8602666506646954
87,123,0.8603014633401364
17,25,0.8605466463047051
142,174,0.86062245719723
65,122,0.8607944517459345
4,63,0.8608914458710252
160,177,0.8615152578622169
34,35,0.8616578424760294
143,173,0.8617020926844822
151,173,0.8617682973062628
84,100,0.8620629047688365
133,161,0.8622995428026008
117,125,0.8623016029238673
75,85,0.8625264945652547
19,20,0.8625281643283145
76,120,0.8625388949279869
102,121,0.8625958079341098
41,57,0.8627457773506665
9,27,0.8629787338999372
103,132,0.8629948455730316
105,150,0.8630521277775083
93,131,0.863058737170147
122,137,0.8632592310881977
18,55,0.8633184668420909
106,150,0.863532356391399
18,176,0.8636675274694638
116,152,0.8638188448468795
26,50,0.8639612763590729
67,173,0.8639847489701895
35,64,0.8642635977202843
93,143,0.8649188871655934
7,173,0.8651539946800695
72,139,0.8651771239846144
141,173,0.8651930774279101
71,92,0.8653134688525422
98,143,0.8653453012224545
72,89,0.8653519211901036
95,121,0.8655200558543528
53,75,0.8661245888284662
114,144,0.8662041734965853
24,60,0.8663279687863376
24,43,0.8664239434969689
63,105,0.8664267308067239
113,162,0.866516151166182
143,144,0.8668230356909336
115,156,0.8669104462418958
90,141,0.8669370162173875
125,134,0.8669503254622065
91,145,0.866960364769456
68,89,0.8671831013970028
96,106,0.8675556312827883
87,124,0.8676069839670161
130,131,0.8678544985270104
119,124,0.8678642788110702
100,105,0.8679501255909707
2,128,0.8681516158712581
18,53,0.8684688170574484
83,92,0.8687450567045877
17,162,0.8687897226402548
77,103,0.8688196969083788
46,71,0.868833251614258
130,161,0.8688424404336517
8,178,0.8690288156945204
84,145,0.869301713268368
68,108,0.8693741867206127
83,123,0.8696162581220305
32,174,0.8698679829966846
114,151,0.8702055007493372
141,144,0.8703249439868106
93,127,0.8703987563064552
91,125,0.8704328126507985
10,159,0.870466039421003
103,125,0.8705282083051628
140,160,0.870722433809594
69,85,0.8710360687238694
66,109,0.8710697538921602
66,110,0.8711454179459579
158,174,0.8713222209734693
157,169,0.8715621286451894
95,100,0.8717383269848018
42,61,0.8718049691477132
121,157,0.8720453502442788
21,44,0.8720870500583956
35,65,0.8725048511361142
63,101,0.8725245579063254
93,124,0.872565604814267
