0.8732651174529132,0.03196827054868505,0.4861955001006028
0.5123787337732029,0.02050796072238757,0.8585146805523934
0.9634824331890284,0.05570519165648447,0.2619132157006674
0.2192311194772372,0.0246424036400526,-0.9753617114668783
0.7347136107409822,0.08462309140043377,-0.6730786303202488
0.5428026089758521,0.09694802039445723,0.8342460122952965
0.9339788211020574,0.1798016134872284,-0.3087959545075041
0.4742303169041041,0.1197969570238434,0.8722122996248453
0.7755535649860745,0.2435268129917552,0.5824185429667135
0.4620449667039546,0.1815621290116812,0.8680723714370175
0.4927250980588501,0.2238017901113349,-0.8409130374098492
0.8202484811203594,0.4483249789970079,0.3552423713847719
0.4135797054452695,0.2358168750574541,-0.8793987881967663
0.6338552899635291,0.3804772833417027,0.6733977340667016
0.7796829087492259,0.4832893361920818,0.3981532108715977
0.6918505421757498,0.4388162054164776,0.573396167719147
0.01012773970467338,0.007897338907972288,0.9999175270624308
0.5433241552581766,0.5351451319249249,-0.6468528040366245
0.6982556681761525,0.7122865897139818,0.07132205811318516
0.4116464396834237,0.4292478305910005,0.8039238201651208
0.5146498517164708,0.5527101380174614,0.6554746627146872
0.4049803542647493,0.5015504068796081,0.7644855145903666
0.4988657570984398,0.7644154519195815,0.4084139729014934
0.4432482387392311,0.7242512068613014,0.5281961645208324
0.3891596838669029,0.6596986034467465,0.6429249513458195
0.4933925730049732,0.8378554078872114,-0.2335852828790519
0.3439053105075127,0.8949701701065395,0.2841786973441255
0.2272419745220439,0.805653198872741,0.5470685589224102
0.2246980445402729,0.9703870330187087,-0.08865548448305435
0.1950520909521235,0.9703626078529495,-0.1426572504152092
0.1305009576333126,0.6823024870461246,0.7193280310313657
1,0,0
0.1506280716913718,0.982384585926663,0.1105970585153035
0.1286594516009078,0.8684384443432375,0.4788125039098829
0.1291459891407329,0.9261168315336058,-0.3544417128936947
0.1218388294079471,0.9925361705134789,-0.00522014089266615
0.11300957492495,0.9452791147640588,-0.3060657301400458
0.106419870284805,0.9889758048386779,-0.1029644047826949
0.1035789714605112,0.994400024811509,-0.02097587485786896
0.09083297276435717,0.9282520730012396,0.3606902549663502
0.07345601338146099,0.8250506581058981,-0.5602638893031809
0.08380901874613404,0.99590510650161,-0.03389789404707942
0.05263846202631841,0.9843863484721486,-0.1679663932373781
0.02089101092988726,0.9914352600042498,0.12891738006426
0.001453009977333502,0.707753715613551,0.7064577600941326
0.0009707704187629733,0.7963946167890671,0.6047765471264481
-0.09406837693753314,0.9466316078640264,-0.3082851593137531
-0.0923914140422238,0.9191551800320417,0.3829067531809061
-0.06322172653682308,0.6027412445404553,-0.7954281899854482
-0.1571426302729586,0.9463588262647094,0.2823316590497387
-0.1874808659290307,0.9392276284381299,-0.2875802268741494
-0.1371647446279502,0.6195338031147828,-0.7728930712778338
-0.221358252831821,0.8463882931545209,-0.4843835062367633
-0.2633588739366449,0.8561752616410337,-0.4445289921621868
-0.2634336121453716,0.7528512866671456,-0.6031730035036923
-0.3128498648704021,0.8139921990208553,-0.4894299357249862
-0.3672923276264692,0.9188636513510943,0.1441732856408049
-0.3406060616772941,0.7777649865144531,0.5282699466190138
-0.4181372555079382,0.9038031185674541,0.09111069324746575
-0.3915368074386884,0.7911476265321808,0.4698769641653192
-0.3933326049770181,0.6573117574393432,-0.6428302383942396
-0.4814180152120046,0.7738440007789781,-0.4115849330183493
-0.3629561023594697,0.572299310560074,-0.7353477863517958
-0.2955721574372593,0.4124156897204331,-0.861713640730088
-0.3803648638825055,0.4348574053275405,-0.8162239933715758
-0.531088836984746,0.4952644468501851,-0.687501109029193
-0.2588258835638585,0.230597320441107,-0.9379946896452929
-0.3871822820246188,0.3333513630851366,-0.8596317520982402
-0.4426487713251935,0.3645224198998666,-0.8192590985974109
-0.7779329011774085,0.6100456630614504,-0.1505479665940911
-0.7627959040422904,0.5055936956305004,0.4031344982943008
-0.3525799378925544,0.2309365862840452,-0.906838287960513
-0.8645070017416223,0.4578569116181478,0.2073516154342703
-0.8524498944489334,0.3976426605600309,0.3394252376543942
-0.4079827748507915,0.1425596269753309,-0.9017908893871698
-0.6175804777132883,0.2043387839263702,-0.7594998452474621
-0.5359161790625817,0.1389969678317114,0.8327506781459583
-0.4591084541492762,0.1150419516702228,0.8808999810901166
-0.6961339817413476,0.1553992512322345,0.7008912556034628
-0.9178111501465652,0.1862851394258678,0.3506002559835408
-0.9667292510655688,0.04616205245128167,0.2516021066042363
-0.5918726419828594,0.01594059919186261,0.8058738567354286
-0.6326571081885353,-0.02308531856560194,-0.7740878835928415
-0.517657163346108,-0.03426012934330973,-0.8549019269915354
-0.9512291278850896,-0.06571482648926229,-0.3014045584301239
-0.4494055870390558,-0.05239353074796531,-0.8917900741059207
-0.9506154813597505,-0.1245871299683313,-0.2842679258119423
-0.5379775045000023,-0.07361122045865472,-0.8397390028303658
-0.9074665279439906,-0.1371897070722863,-0.397093798660592
-0.3514809431331461,-0.057533163067759,-0.9344255356964796
-0.6458417909325824,-0.1183013717786422,-0.7542500689561028
-0.983204163056527,-0.1807475423834283,-0.02529623827103783
-0.4937954851442443,-0.1043335524232216,-0.8632963156934652
-0.5442916977773032,-0.1307412396400967,0.8286454464896743
-0.7612481931058446,-0.1899087430692745,0.6200289169054418
-0.9458512562937079,-0.2631050220440002,0.1901082542732965
-0.865360204751379,-0.3103588879351478,-0.3934832610319143
-0.7525825271406102,-0.2761551084751066,-0.597794191930429
-0.5365433478433361,-0.205754676184521,0.8184046976363636
-0.9140797585658641,-0.3563545231993731,-0.193570784922516
-0.5396431594690579,-0.2513183993387493,-0.8035075124677191
-0.5814568190801186,-0.2948062675206903,0.7582857193536939
-0.8325377883065379,-0.4552595792074126,0.3156256430988266
-0.5939214529815412,-0.3276613804299427,-0.7347756987428472
-0.4239375831262795,-0.2542846950616444,-0.8692618819840517
-0.6852936538598154,-0.4227865568390037,-0.5929790344824036
-0.7837380425234792,-0.5270098460839068,0.3286568161959855
-0.5770992523369114,-0.4652760555406482,-0.6711740795745271
-0.373730415476718,-0.3126437475369413,-0.8732579594104235
-0.3737466806227858,-0.31272701579513,-0.8732211817834712
-0.5149514735975875,-0.4395364714665848,-0.7359569757060376
-0.6694837187209033,-0.5870569455825247,0.4551435960342038
-0.2007276345509242,-0.185074710876256,0.9620061164679052
-0.7060714782690167,-0.6519983282935459,-0.2763353894770386
-0.5193104189701525,-0.5127024721795786,-0.683705246264787
-0.6440008056421128,-0.7474515865944447,-0.1630309419397362
-0.2350282106249326,-0.2774091913431559,-0.9315609914379083
-0.1996420507524499,-0.2394672689911135,0.9501570810414949
-0.5291748763784925,-0.7196370095530829,0.4495514705696154
-0.4447629233373657,-0.6073633743600455,-0.6582519832939202
-0.554721457288111,-0.824475536434364,0.111911548311254
-0.2317995698629262,-0.3825461506577187,-0.894386606579238
-0.452849353647681,-0.775362683767378,-0.4401592569990161
-0.4603687212828148,-0.8000686799362375,-0.384643663472456
-0.4509631944625998,-0.8257292627974854,-0.3388264774187655
-0.443921595009155,-0.8937464573131678,-0.06442738179291277
-0.3769093220533258,-0.8193533047307988,-0.4319716714971264
-0.1940057612725681,-0.435702020878139,0.8789343056200259
-0.3448157195261485,-0.8264123501647757,-0.445134526927306
-0.3552514910856942,-0.8599979186780875,0.3663331242881931
-0.3162048796559663,-0.822482929360622,-0.4727962616097195
-0.3476453094778286,-0.9195170773996739,-0.1833877944914191
-0.2867878847619044,-0.8019738668080706,0.5240139560266539
-0.1096153036624439,-0.3407191054340259,-0.9337531667390624
-0.2478472956416615,-0.7881181348552598,-0.5634194916360115
-0.2306682962423527,-0.7529617795355905,-0.616312173875583
-0.2067898516439584,-0.940098141820834,-0.2710229529063634
-0.1904295558800718,-0.9497219868664192,0.248525113237716
-0.08536616605630033,-0.5595022670023456,-0.8244209064016293
-0.07867239102097237,-0.6064264362846126,0.7912380376765187
-0.1012062655091926,-0.7890545151554825,-0.605929256542733
-0.07897887410001332,-0.6395863515170997,-0.7646513168751748
-0.09163715464104939,-0.7922624596267979,-0.6032601652317089
-0.1065432215813657,-0.9702343070050382,0.2174716796401714
-0.07226330490039808,-0.7278009206119475,-0.6819705526789803
-0.05929927206922717,-0.7745505653559391,-0.6297261452717798
-0.07182162323272998,-0.9942342655764036,0.07962336083063319
-0.04140065108761765,-0.7634963297571465,-0.644483778334946
-0.009219982454444256,-0.6225972790319857,0.7824880957979538
0.02185313997202078,-0.8620277659845506,-0.5063897421404272
0.07935590890805191,-0.8638850084148378,-0.4973985644907635
0.086881520639313,-0.8206820907080842,-0.5647410976389169
0.1099566722982635,-0.8964578727328082,-0.429270092869816
0.1250892713514724,-0.7694220043553948,0.6263724558172118
0.2140962644346809,-0.8705733329776832,-0.4430179019670004
0.233944853555996,-0.834912979304254,-0.4981868349163373
0.2733450257478171,-0.9315943489008337,0.2396131590605089
0.2797715147540185,-0.8905197614739884,-0.3587512424460059
0.3119594589885845,-0.632771917065074,0.7087178542419686
0.4395602961438039,-0.8791273234316364,0.1841789761343531
0.4592023014950689,-0.8748552156346977,0.1541479742922318
0.4437863698440755,-0.6208562182557367,0.6462129789734981
0.3255899871988192,-0.4414279653764381,-0.8361414423526028
0.4556490248830957,-0.5361821415232503,0.7105580041309967
0.5500957255317197,-0.620638543353864,0.5587508311003442
0.3508609122136868,-0.2981407957336328,0.8876985333996531
0.7937082026172777,-0.6005017904880799,-0.09708186606499031
0.8172007893343447,-0.5502461548145656,0.1714993849059199
0.8034662132138872,-0.5265846277992725,-0.2777601015071063
0.6775363571189391,-0.4154894138230202,-0.6068879894865283
0.8783528150044486,-0.4779803067883227,-0.005581997518959752
0.6029355732523428,-0.3198065003175654,-0.730884735687851
0.4482154639118922,-0.2125816176020071,-0.8682810338640142
0.6449274460363452,-0.226275113256356,-0.7299781931467955
0.8157783415746234,-0.2848739928443527,0.5033413410586031
0.8373316056069309,-0.2336017271132605,-0.4942732193245158
0.8558512853071525,-0.2142913925811963,0.4707417301490344
0.9370968331857624,-0.2303452703378469,0.2622795868271094
